-9.74447 -1.39447 0
5.86953 1.0665 0
25.227 8.09052 0
24.6298 6.73476 0
-7.256 -0.969895 0
4.02212 -0.188859 0
23.84 13.1134 0
13.6282 4.0763 0
8.19062 -8.59534 0
-3.33549 -0.728163 0
-8.07766 -1.18059 0
23.975 10.6024 0
24.4268 8.48758 0
6.50622 -11.2846 0
-4.64976 -10.0061 0
-4.98041 -9.37389 0
24.6377 7.5795 0
16.127 4.30061 0
11.9533 3.81113 0
5.45838 0.339141 0
3.18118 -0.091669 0
2.37693 -0.139892 0
23.9604 11.3423 0
23.4038 5.73403 0
6.25292 -0.704712 0
-0.879996 -0.462883 0
-1.82056 -0.569878 0
-2.56676 -0.639736 0
-8.854 -1.35566 0
7.20712 -10.7455 0
-3.85605 -10.1672 0
21.8343 5.33319 0
19.3493 4.89317 0
15.2716 4.28149 0
8.66494 3.29143 0
6.92431 3.03503 0
1.56403 -0.183127 0
-0.116321 -0.378639 0
-5.49456 -2.51864 0
-5.26234 -3.88243 0
-5.01678 -6.72516 0
7.68431 -10.0539 0
4.84267 -11.3928 0
-5.10732 -8.32728 0
-1.26267 -10.8188 0
23.8675 12.1818 0
24.0279 6.2051 0
21.0618 5.18117 0
20.1659 5.03301 0
18.5426 4.77037 0
17.6821 4.62882 0
16.9061 4.49782 0
12.8039 3.92015 0
7.83757 3.19759 0
5.91824 1.81551 0
7.87628 -9.35892 0
4.82898 -0.125923 0
6.40682 -1.46347 0
6.74144 -3.10332 0
0.715124 -0.285057 0
6.9624 -4.19403 0
-5.59184 -0.871845 0
-5.18173 -5.74432 0
5.74988 -11.3484 0
4.01558 -11.3811 0
2.9307 -11.3281 0
0.713823 -11.061 0
-1.97524 -10.6775 0
-2.86087 -10.5048 0
14.3798 4.11123 0
11.1243 3.53367 0
10.2866 3.42041 0
6.49823 2.37333 0
8.14153 -7.84076 0
7.18361 -5.01261 0
7.69685 -6.47425 0
-4.82467 -0.827221 0
-6.28947 -1.08256 0
-5.74281 -1.62123 0
-5.2118 -4.86449 0
-5.03351 -7.52202 0
2.16221 -11.2252 0
7.43551 -5.73345 0
-4.05905 -0.779069 0
22.7313 5.50637 0
9.41819 3.31509 0
-0.17038 -10.959 0
24.1501 9.85875 0
6.58245 -2.33738 0
21.6726 7.9800 0
21.5100 10.7500 0
