0 28
1 19
1 54
2 12
2 16
2 46
3 16
3 46
3 84
4 10
4 77
4 78
5 20
5 56
6 45
7 52
7 69
8 55
8 73
9 27
9 83
10 28
10 61
11 22
11 87
12 87
13 29
13 63
13 64
14 15
14 30
15 43
16 87
17 33
17 51
18 52
18 69
18 70
19 24
19 56
20 21
21 36
21 56
22 45
23 46
23 84
24 57
25 26
25 37
26 27
26 83
27 37
28 77
29 41
29 42
30 43
30 68
31 47
31 84
32 48
32 49
33 69
34 53
34 85
35 53
35 72
36 59
37 59
38 39
38 77
38 78
39 79
40 62
40 80
41 55
41 63
42 63
42 64
43 80
44 67
44 86
47 48
47 49
48 84
49 50
50 51
51 69
52 71
54 72
57 88
58 60
58 88
60 74
61 76
61 77
61 78
62 79
64 65
65 81
66 81
66 86
67 68
70 71
71 85
73 75
74 82
74 88
75 82
76 83
77 83
78 83
89 12
90 11
