-9.71808 -0.957954 0
-7.5675 0.0563528 0
-8.99483 -5.41757 0
13.9211 -1.44589 0
-7.92557 -4.95664 0
-10.6143 -2.58644 0
-6.74324 -1.92879 0
-10.5633 -3.80754 0
13.615 -0.770156 0
10.9966 -0.984054 0
17.8158 0.902266 0
-0.601392 5.64 0
0.232559 0.432283 0
14.7665 7.06453 0
3.62781 6.448 0
-0.933805 4.23023 0
-7.32202 -2.45112 0
-11.3624 -5.02958 0
-10.1566 -8.09487 0
-12.3242 -7.16709 0
13.0869 -0.247985 0
-0.953549 4.94368 0
-8.9369 -0.704868 0
12.3911 0.0846225 0
2.17606 1.82431 0
0.165423 -0.447254 0
10.3026 -1.25225 0
-9.26713 -1.52225 0
-7.98368 -7.02052 0
17.4731 1.55827 0
10.2052 5.61109 0
5.35713 4.55946 0
-0.463948 -0.0387203 0
-1.50542 -1.29938 0
-0.790356 -6.74477 0
-8.0402 -2.85884 0
-11.8873 -2.11791 0
-11.4845 -4.27352 0
-2.28063 -8.31988 0
11.6706 -0.246125 0
8.37813 0.699709 0
5.08483 2.19653 0
2.95378 2.03231 0
0.116406 6.11925 0
-8.24333 -0.275703 0
-1.68456 -2.01363 0
-1.49844 -4.5134 0
-9.33418 -2.22802 0
-9.90441 -2.82703 0
-5.38156 -7.29798 0
-7.24806 -6.9188 0
-12.3985 -6.16831 0
-11.0337 -8.05437 0
16.4907 5.17022 0
15.5837 6.68627 0
14.0413 6.82037 0
13.1634 6.63236 0
7.90663 4.85436 0
2.51363 6.46152 0
1.73678 6.35088 0
-0.626567 3.29877 0
14.5942 -1.19354 0
-1.55771 -8.01159 0
-8.75655 -2.64421 0
-8.94283 -3.36007 0
-12.1649 -2.80908 0
-6.34286 -7.08412 0
-11.8027 -5.6991 0
-8.62993 -7.45591 0
16.8037 4.49623 0
17.6618 0.109994 0
16.9762 -0.325311 0
16.183 -0.520887 0
9.47737 5.2898 0
4.58512 5.6589 0
6.14429 4.41727 0
7.63191 1.24808 0
3.6959 2.16718 0
0.862153 6.30866 0
1.38599 1.47517 0
0.687716 1.0068 0
15.3265 -0.882217 0
-1.76042 -2.73738 0
-1.71824 -3.54919 0
-0.987043 -7.53356 0
-10.4117 -1.36855 0
-11.0987 -1.61829 0
-11.8922 -3.62913 0
-11.7324 -7.76867 0
17.0122 3.60105 0
11.6039 6.20743 0
17.2436 2.47128 0
8.81176 0.121704 0
-0.3612 2.48406 0
-8.19248 -4.07765 0
-9.71925 -3.55021 0
-9.37713 -7.80926 0
12.3512 6.45397 0
10.8962 5.95528 0
6.89698 4.60549 0
6.53052 1.70637 0
-0.119155 1.73637 0
-4.35129 -7.86178 0
-9.08581 -4.58143 0
16.0276 5.93853 0
9.37517 -0.796172 0
-1.08289 -5.4759 0
-3.07847 -8.27578 0
8.62596 5.04788 0
-0.977265 -0.670865 0
