0 22
0 27
0 85
1 44
2 4
2 28
2 67
2 103
3 8
3 61
4 50
4 94
5 48
5 86
6 16
7 37
7 95
8 20
9 26
9 39
10 29
10 70
11 21
11 43
12 32
12 80
13 54
13 55
14 58
14 74
15 21
15 60
16 35
17 37
17 67
17 103
18 52
18 96
19 51
19 88
20 23
20 61
21 93
22 44
22 47
22 86
23 39
24 42
24 79
25 32
25 80
26 105
27 47
28 50
28 68
28 94
29 91
30 73
30 98
31 41
31 74
31 75
32 109
33 45
33 109
34 84
34 106
35 63
36 48
36 65
36 86
37 51
37 87
38 62
38 107
39 92
40 76
40 92
41 77
41 100
42 77
42 80
43 60
43 78
44 85
45 82
46 83
46 106
47 48
47 63
47 65
47 85
48 95
49 66
49 102
50 66
50 96
50 103
51 52
51 67
52 68
52 88
53 69
53 104
54 56
54 104
55 56
55 104
56 97
57 99
57 108
58 59
59 78
60 93
61 81
62 84
62 102
63 64
64 87
64 94
64 95
65 87
65 95
67 87
67 95
68 96
68 103
69 89
70 71
70 91
71 72
72 81
73 108
75 99
75 100
76 100
79 80
80 101
80 109
82 83
82 106
82 109
84 107
85 86
85 95
86 87
88 96
89 91
89 104
90 97
90 98
92 100
92 105
93 101
94 103
95 103
102 107
