-17.5848 0.224373 0
-17.5848 1.87437 0
-17.5848 1.92437 0
-17.5348 1.92437 0
-17.5348 1.97437 0
-17.5348 2.02437 0
-17.5348 2.07437 0
-17.5348 2.12437 0
-17.4848 1.97437 0
-17.4848 2.02437 0
-17.4848 2.07437 0
-17.3848 2.07437 0
-17.2348 2.12437 0
-17.1848 -0.875627 0
-17.1848 2.12437 0
-17.1848 2.17437 0
-17.1848 2.22437 0
-17.0848 2.27437 0
-16.9848 2.37437 0
-16.9348 2.27437 0
-16.7348 -11.2256 0
-16.6848 -11.2256 0
-16.0348 -4.97563 0
-15.7348 2.37437 0
-15.7348 2.42437 0
-15.6848 2.37437 0
-15.6848 2.42437 0
-15.6348 2.37437 0
-15.6348 2.42437 0
-15.6348 2.47437 0
-15.5848 2.37437 0
-15.5848 2.42437 0
-15.5848 2.47437 0
-15.5348 2.42437 0
-15.5348 2.47437 0
-15.5348 2.52437 0
-15.4848 2.47437 0
-15.4848 2.52437 0
-15.4348 2.47437 0
-15.4348 2.52437 0
-15.4348 2.57437 0
-15.3848 2.52437 0
-15.3348 2.52437 0
-15.3348 2.57437 0
-15.2848 2.52437 0
-15.2848 2.57437 0
-15.2348 2.52437 0
-15.2348 2.57437 0
-15.2348 2.62437 0
-15.1848 2.57437 0
-15.1848 2.62437 0
-15.1348 2.62437 0
-15.1348 2.67437 0
-15.0848 2.67437 0
-14.3848 -2.52563 0
-14.3848 -0.975627 0
-14.3848 -0.925627 0
-14.3848 -0.875627 0
-14.3348 -2.57563 0
-14.3348 -2.52563 0
-14.3348 -2.47563 0
-14.3348 -1.87563 0
-14.3348 -1.82563 0
-14.3348 -1.17563 0
-14.3348 -1.12563 0
-14.3348 -1.07563 0
-14.3348 -1.02563 0
-14.3348 -0.975627 0
-14.3348 -0.925627 0
-14.3348 -0.875627 0
-14.3348 -0.825627 0
-14.3348 1.22437 0
-14.3348 1.27437 0
-14.3348 1.32437 0
-14.3348 1.37437 0
-14.2848 -2.97563 0
-14.2848 -2.92563 0
-14.2848 -2.52563 0
-14.2848 -2.47563 0
-14.2848 -2.42563 0
-14.2848 -1.92563 0
-14.2848 -1.87563 0
-14.2848 -1.82563 0
-14.2848 -1.77563 0
-14.2848 -1.72563 0
-14.2848 -1.67563 0
-14.2848 -1.27563 0
-14.2848 -1.22563 0
-14.2848 -1.17563 0
-14.2848 -1.12563 0
-14.2848 -1.07563 0
-14.2848 -1.02563 0
-14.2848 -0.975627 0
-14.2848 -0.925627 0
-14.2848 1.32437 0
-14.2848 1.37437 0
-14.2848 1.42437 0
-14.2848 1.47437 0
-14.2348 -2.97563 0
-14.2348 -2.92563 0
-14.2348 -2.87563 0
-14.2348 -2.82563 0
-14.2348 -2.77563 0
-14.2348 -2.52563 0
-14.2348 -2.47563 0
-14.2348 -2.42563 0
-14.2348 -2.37563 0
-14.2348 -2.32563 0
-14.2348 -2.07563 0
-14.2348 -2.02563 0
-14.2348 -1.97563 0
-14.2348 -1.92563 0
-14.2348 -1.87563 0
-14.2348 -1.82563 0
-14.2348 -1.77563 0
-14.2348 -1.72563 0
-14.2348 -1.27563 0
-14.2348 -1.22563 0
-14.2348 -1.17563 0
-14.2348 -1.12563 0
-14.2348 -1.07563 0
-14.2348 -1.02563 0
-14.2348 1.42437 0
-14.2348 1.47437 0
-14.2348 1.52437 0
-14.2348 1.57437 0
-14.2348 1.62437 0
-14.1848 -3.17563 0
-14.1848 -2.97563 0
-14.1848 -2.92563 0
-14.1848 -2.87563 0
-14.1848 -2.82563 0
-14.1848 -2.52563 0
-14.1848 -2.47563 0
-14.1848 -2.42563 0
-14.1848 -2.37563 0
-14.1848 -2.22563 0
-14.1848 -2.17563 0
-14.1848 -2.12563 0
-14.1848 -2.07563 0
-14.1848 -2.02563 0
-14.1848 -1.97563 0
-14.1848 -1.92563 0
-14.1848 -1.82563 0
-14.1848 -1.77563 0
-14.1848 -1.72563 0
-14.1848 -1.67563 0
-14.1848 -1.47563 0
-14.1848 -1.42563 0
-14.1848 -1.37563 0
-14.1848 -1.32563 0
-14.1848 -1.27563 0
-14.1848 -1.22563 0
-14.1848 -1.17563 0
-14.1848 -1.12563 0
-14.1848 1.52437 0
-14.1848 1.57437 0
-14.1848 1.62437 0
-14.1848 1.67437 0
-14.1848 1.72437 0
-14.1348 -2.87563 0
-14.1348 -2.47563 0
-14.1348 -2.42563 0
-14.1348 -2.37563 0
-14.1348 -2.32563 0
-14.1348 -2.27563 0
-14.1348 -2.22563 0
-14.1348 -2.17563 0
-14.1348 -2.12563 0
-14.1348 -2.07563 0
-14.1348 -2.02563 0
-14.1348 -1.72563 0
-14.1348 -1.67563 0
-14.1348 -1.52563 0
-14.1348 -1.47563 0
-14.1348 -1.42563 0
-14.1348 -1.37563 0
-14.1348 -1.32563 0
-14.1348 -1.27563 0
-14.1348 1.62437 0
-14.1348 1.67437 0
-14.1348 1.72437 0
-14.1348 1.77437 0
-14.0848 -3.37563 0
-14.0848 -2.42563 0
-14.0848 -2.37563 0
-14.0848 -2.32563 0
-14.0848 -2.27563 0
-14.0848 -2.22563 0
-14.0848 -2.17563 0
-14.0848 -2.12563 0
-14.0848 -1.72563 0
-14.0848 -1.67563 0
-14.0848 -1.62563 0
-14.0848 -1.57563 0
-14.0848 -1.52563 0
-14.0848 -1.47563 0
-14.0848 -1.42563 0
-14.0848 -1.37563 0
-14.0848 -1.32563 0
-14.0848 1.72437 0
-14.0848 1.77437 0
-14.0348 -3.47563 0
-14.0348 -3.42563 0
-14.0348 -2.37563 0
-14.0348 -2.32563 0
-14.0348 -2.27563 0
-14.0348 -2.22563 0
-14.0348 -1.72563 0
-14.0348 -1.67563 0
-14.0348 -1.62563 0
-14.0348 -1.57563 0
-14.0348 -1.52563 0
-14.0348 -1.47563 0
-13.9848 -3.62563 0
-13.9848 -3.57563 0
-13.9848 -3.52563 0
-13.9848 -1.67563 0
-13.9848 -1.62563 0
-13.9848 -1.57563 0
-13.9348 -3.67563 0
-13.9348 -3.62563 0
-13.8848 -3.77563 0
-13.8848 -3.72563 0
-13.8848 -3.67563 0
-13.8348 -3.77563 0
-13.8348 -3.72563 0
-13.7848 -11.1256 0
-13.7848 -11.0256 0
-13.7848 -3.82563 0
-13.7848 -3.77563 0
-13.7848 -3.72563 0
-13.7348 -11.1256 0
-13.7348 -11.0756 0
-13.6848 -11.0756 0
-13.6348 -11.1756 0
-13.6348 -11.0756 0
-13.6348 -11.0256 0
-13.5848 -11.2756 0
-13.5848 -11.2256 0
-13.5848 -11.1756 0
-13.5848 -11.1256 0
-13.5848 -11.0756 0
-13.5848 -11.0256 0
-13.5348 -11.2756 0
-13.5348 -11.2256 0
-13.5348 -11.1756 0
-13.5348 -11.1256 0
-13.5348 -11.0756 0
-13.4848 -11.2756 0
-13.4848 -11.1756 0
-13.4848 -3.87563 0
-13.4848 -3.82563 0
-13.4848 -3.77563 0
-13.4848 -3.72563 0
-13.4348 -11.1756 0
-13.4348 -3.97563 0
-13.4348 -3.92563 0
-13.4348 -3.87563 0
-13.4348 -3.82563 0
-13.4348 -3.77563 0
-13.4348 -3.72563 0
-13.3848 -4.07563 0
-13.3848 -4.02563 0
-13.3848 -3.97563 0
-13.3848 -3.92563 0
-13.3848 -3.87563 0
-13.3848 -3.82563 0
-13.3848 -3.72563 0
-13.3848 -3.67563 0
-13.3348 -4.17563 0
-13.3348 -4.12563 0
-13.3348 -4.07563 0
-13.3348 -4.02563 0
-13.3348 -3.97563 0
-13.3348 -3.92563 0
-13.2848 -11.9256 0
-13.2848 -4.27563 0
-13.2848 -4.22563 0
-13.2848 -4.17563 0
-13.2848 -4.12563 0
-13.2848 -4.07563 0
-13.2848 -4.02563 0
-13.2848 -3.97563 0
-13.2348 -11.3256 0
-13.2348 -11.2756 0
-13.2348 -11.1756 0
-13.2348 -11.1256 0
-13.2348 -4.52563 0
-13.2348 -4.47563 0
-13.2348 -4.32563 0
-13.2348 -4.27563 0
-13.2348 -4.22563 0
-13.2348 -4.17563 0
-13.2348 -4.12563 0
-13.1848 -11.3756 0
-13.1848 -11.3256 0
-13.1848 -11.2756 0
-13.1848 -11.2256 0
-13.1848 -11.1756 0
-13.1848 -11.1256 0
-13.1848 -4.47563 0
-13.1848 -4.42563 0
-13.1848 -4.37563 0
-13.1848 -4.32563 0
-13.1848 -4.27563 0
-13.1848 -4.22563 0
-13.1348 -4.42563 0
-13.1348 -4.37563 0
-13.1348 -4.32563 0
-13.0848 -11.8756 0
-13.0848 -11.8256 0
-13.0848 -11.3756 0
-13.0848 -11.3256 0
-13.0848 -4.42563 0
-13.0348 -11.9256 0
-13.0348 -11.8756 0
-13.0348 -11.8256 0
-12.9848 -11.9756 0
-12.9848 -11.9256 0
-12.9848 -11.8756 0
-12.9848 -11.8256 0
-12.9348 -12.2256 0
-12.9348 -12.1756 0
-12.9348 -12.1256 0
-12.9348 -12.0756 0
-12.9348 -12.0256 0
-12.9348 -11.9756 0
-12.9348 -11.9256 0
-12.9348 -11.8756 0
-12.9348 -11.8256 0
-12.9348 -0.575627 0
-12.9348 -0.525627 0
-12.8848 -15.1256 0
-12.8848 -15.0756 0
-12.8848 -15.0256 0
-12.8848 -14.9756 0
-12.8848 -12.3756 0
-12.8848 -12.2756 0
-12.8848 -12.2256 0
-12.8848 -12.1756 0
-12.8848 -12.1256 0
-12.8848 -12.0756 0
-12.8848 -12.0256 0
-12.8848 -11.9756 0
-12.8848 -0.575627 0
-12.8848 -0.525627 0
-12.8848 -0.475627 0
-12.8348 -15.1256 0
-12.8348 -15.0756 0
-12.8348 -15.0256 0
-12.8348 -12.4256 0
-12.8348 -12.3756 0
-12.8348 -12.3256 0
-12.8348 -12.2756 0
-12.8348 -12.2256 0
-12.8348 -12.1756 0
-12.8348 -12.1256 0
-12.8348 -12.0756 0
-12.8348 -0.525627 0
-12.8348 -0.475627 0
-12.8348 -0.425627 0
-12.7848 -15.1256 0
-12.7848 -15.0756 0
-12.7848 -12.5756 0
-12.7848 -12.5256 0
-12.7848 -12.4756 0
-12.7848 -12.4256 0
-12.7848 -12.3756 0
-12.7848 -12.3256 0
-12.7848 -12.2756 0
-12.7848 -12.2256 0
-12.7848 -0.475627 0
-12.7848 -0.425627 0
-12.7848 -0.375627 0
-12.7348 -15.0756 0
-12.7348 -15.0256 0
-12.7348 -12.5256 0
-12.7348 -12.4756 0
-12.7348 -12.4256 0
-12.7348 -0.475627 0
-12.7348 -0.425627 0
-12.7348 -0.375627 0
-12.6848 -15.0256 0
-12.6848 -12.5256 0
-12.6848 -0.425627 0
-12.6848 -0.375627 0
-12.6848 -0.325627 0
-12.6348 -0.425627 0
-12.6348 -0.375627 0
-12.6348 -0.325627 0
-12.5848 -0.375627 0
-12.5848 -0.325627 0
-12.5848 -0.275627 0
-12.5348 -0.375627 0
-12.5348 -0.325627 0
-12.5348 -0.275627 0
-12.5348 -0.225627 0
-12.4848 -14.8756 0
-12.4848 -0.325627 0
-12.4848 -0.275627 0
-12.4848 -0.225627 0
-12.4348 -14.9756 0
-12.4348 -14.9256 0
-12.4348 -14.8756 0
-12.4348 -0.275627 0
-12.4348 -0.225627 0
-12.4348 -0.175627 0
-12.3848 -14.9256 0
-12.3848 -0.275627 0
-12.3848 -0.225627 0
-12.3848 -0.175627 0
-12.3348 -0.225627 0
-12.3348 -0.175627 0
-12.3348 -0.125627 0
-12.2848 -14.8756 0
-12.2848 -0.225627 0
-12.2848 -0.175627 0
-12.2848 -0.125627 0
-12.2348 -0.175627 0
-12.2348 -0.125627 0
-12.2348 -0.0756268 0
-12.1848 -14.8256 0
-12.1848 -0.175627 0
-12.1848 -0.125627 0
-12.1848 -0.0756268 0
-12.1348 -14.8256 0
-12.1348 -0.125627 0
-12.1348 -0.0756268 0
-12.0848 -14.8256 0
-12.0848 -0.125627 0
-12.0848 -0.0756268 0
-12.0848 -0.0256268 0
-12.0348 -0.125627 0
-12.0348 -0.0756268 0
-12.0348 -0.0256268 0
-12.0348 0.0243732 0
-11.9848 -14.7756 0
-11.9848 -14.7256 0
-11.9848 -0.0756268 0
-11.9848 -0.0256268 0
-11.9848 0.0243732 0
-11.9348 -0.0756268 0
-11.9348 -0.0256268 0
-11.9348 0.0243732 0
-11.9348 0.0743732 0
-11.8848 -0.0256268 0
-11.8848 0.0243732 0
-11.8848 0.0743732 0
-11.8848 0.124373 0
-11.8348 0.0243732 0
-11.8348 0.0743732 0
-11.8348 0.124373 0
-11.7848 -14.6756 0
-11.7848 -14.6256 0
-11.7848 -14.5756 0
-11.7848 -6.22563 0
-11.7848 0.0243732 0
-11.7848 0.0743732 0
-11.7848 0.124373 0
-11.7348 -14.6756 0
-11.7348 -14.6256 0
-11.7348 -14.5756 0
-11.7348 -6.22563 0
-11.7348 0.0743732 0
-11.7348 0.124373 0
-11.7348 0.174373 0
-11.6848 -14.6756 0
-11.6848 -6.22563 0
-11.6848 0.0743732 0
-11.6848 0.124373 0
-11.6848 0.174373 0
-11.6348 -14.6256 0
-11.6348 0.0743732 0
-11.6348 0.124373 0
-11.6348 0.174373 0
-11.6348 0.224373 0
-11.5848 -14.6256 0
-11.5848 -14.5756 0
-11.5848 0.124373 0
-11.5848 0.174373 0
-11.5848 0.224373 0
-11.5348 -14.6256 0
-11.5348 -14.5756 0
-11.5348 -14.5256 0
-11.5348 0.124373 0
-11.5348 0.174373 0
-11.5348 0.224373 0
-11.5348 0.274373 0
-11.4848 -14.5756 0
-11.4848 -14.5256 0
-11.4848 0.174373 0
-11.4848 0.224373 0
-11.4848 0.274373 0
-11.4348 -14.5756 0
-11.4348 -14.5256 0
-11.4348 -14.4756 0
-11.4348 0.224373 0
-11.4348 0.274373 0
-11.4348 0.324373 0
-11.3848 -14.5756 0
-11.3848 -14.5256 0
-11.3848 -14.4756 0
-11.3848 0.224373 0
-11.3848 0.274373 0
-11.3848 0.324373 0
-11.3348 -14.5256 0
-11.3348 -14.4756 0
-11.3348 0.274373 0
-11.3348 0.324373 0
-11.3348 0.374373 0
-11.2848 -14.5256 0
-11.2848 -14.4756 0
-11.2848 0.324373 0
-11.2848 0.374373 0
-11.2348 -14.5256 0
-11.2348 -14.4756 0
-11.2348 -14.4256 0
-11.2348 -14.3756 0
-11.2348 0.324373 0
-11.2348 0.374373 0
-11.2348 0.424373 0
-11.1848 -14.4756 0
-11.1848 -14.4256 0
-11.1848 -14.3756 0
-11.1848 0.374373 0
-11.1848 0.424373 0
-11.1348 -14.4756 0
-11.1348 -14.4256 0
-11.1348 -14.3756 0
-11.1348 0.374373 0
-11.1348 0.424373 0
-11.1348 0.474373 0
-11.0848 -14.4256 0
-11.0848 -14.3756 0
-11.0848 0.374373 0
-11.0848 0.424373 0
-11.0848 0.474373 0
-11.0348 -14.4256 0
-11.0348 -14.3756 0
-11.0348 -14.3256 0
-11.0348 0.424373 0
-11.0348 0.474373 0
-11.0348 0.524373 0
-10.9848 -14.3756 0
-10.9848 -14.3256 0
-10.9848 0.424373 0
-10.9848 0.474373 0
-10.9848 0.524373 0
-10.9348 -14.3756 0
-10.9348 -14.3256 0
-10.9348 -14.2756 0
-10.9348 0.474373 0
-10.9348 0.524373 0
-10.9348 0.574373 0
-10.8848 -14.3256 0
-10.8848 -14.2756 0
-10.8848 0.524373 0
-10.8848 0.574373 0
-10.8848 0.674373 0
-10.8348 -14.3256 0
-10.8348 -14.2756 0
-10.8348 0.524373 0
-10.8348 0.574373 0
-10.8348 0.624373 0
-10.7848 -14.3256 0
-10.7848 -14.2756 0
-10.7848 -14.2256 0
-10.7848 0.574373 0
-10.7848 0.624373 0
-10.7848 0.674373 0
-10.7348 -14.2756 0
-10.7348 -14.2256 0
-10.7348 0.574373 0
-10.7348 0.624373 0
-10.7348 0.674373 0
-10.6848 -14.2756 0
-10.6848 -14.2256 0
-10.6848 0.574373 0
-10.6848 0.624373 0
-10.6848 0.674373 0
-10.6848 0.724373 0
-10.6348 -14.2256 0
-10.6348 -14.1756 0
-10.6348 0.674373 0
-10.6348 0.724373 0
-10.6348 0.774373 0
-10.5848 -14.2256 0
-10.5848 -14.1756 0
-10.5848 -14.1256 0
-10.5848 0.674373 0
-10.5848 0.724373 0
-10.5848 0.774373 0
-10.5348 -14.1756 0
-10.5348 -14.1256 0
-10.5348 0.674373 0
-10.5348 0.724373 0
-10.5348 0.774373 0
-10.4848 -14.1756 0
-10.4848 -14.1256 0
-10.4848 0.724373 0
-10.4848 0.774373 0
-10.4848 0.824373 0
-10.4848 0.874373 0
-10.4348 -14.1756 0
-10.4348 -14.1256 0
-10.4348 -14.0756 0
-10.4348 0.724373 0
-10.4348 0.774373 0
-10.4348 0.824373 0
-10.3848 -14.1756 0
-10.3848 -14.1256 0
-10.3848 -14.0756 0
-10.3848 0.774373 0
-10.3848 0.824373 0
-10.3848 0.874373 0
-10.3348 -14.1256 0
-10.3348 -14.0756 0
-10.3348 0.774373 0
-10.3348 0.824373 0
-10.3348 0.874373 0
-10.2848 -14.1256 0
-10.2848 -14.0756 0
-10.2848 -14.0256 0
-10.2848 0.774373 0
-10.2848 0.824373 0
-10.2848 0.874373 0
-10.2848 0.924373 0
-10.2848 1.02437 0
-10.2348 -14.0756 0
-10.2348 -14.0256 0
-10.2348 0.824373 0
-10.2348 0.874373 0
-10.2348 0.924373 0
-10.1848 -14.0756 0
-10.1848 -14.0256 0
-10.1848 -13.9756 0
-10.1848 0.824373 0
-10.1848 0.874373 0
-10.1848 0.924373 0
-10.1848 0.974373 0
-10.1848 1.02437 0
-10.1348 -14.0256 0
-10.1348 -13.9756 0
-10.1348 0.874373 0
-10.1348 0.924373 0
-10.1348 0.974373 0
-10.0848 -14.0256 0
-10.0848 -13.9756 0
-10.0848 0.874373 0
-10.0848 0.924373 0
-10.0848 0.974373 0
-10.0848 1.02437 0
-10.0348 -13.9756 0
-10.0348 -13.9256 0
-10.0348 0.924373 0
-10.0348 0.974373 0
-10.0348 1.02437 0
-10.0348 1.07437 0
-9.98484 -13.9756 0
-9.98484 -13.9256 0
-9.98484 0.974373 0
-9.98484 1.02437 0
-9.98484 1.07437 0
-9.98484 1.12437 0
-9.93484 -13.9756 0
-9.93484 -13.9256 0
-9.93484 1.02437 0
-9.93484 1.07437 0
-9.93484 1.12437 0
-9.88484 -13.9756 0
-9.88484 -13.9256 0
-9.88484 -13.8756 0
-9.88484 1.07437 0
-9.88484 1.12437 0
-9.83484 -13.9756 0
-9.83484 -13.9256 0
-9.83484 1.07437 0
-9.83484 1.12437 0
-9.78484 -13.9256 0
-9.78484 1.12437 0
-9.78484 1.17437 0
-9.73484 -13.9256 0
-9.73484 -13.8756 0
-9.73484 1.12437 0
-9.73484 1.17437 0
-9.73484 1.22437 0
-9.68484 1.12437 0
-9.68484 1.17437 0
-9.68484 1.22437 0
-9.63484 1.12437 0
-9.63484 1.17437 0
-9.63484 1.22437 0
-9.58484 -14.0256 0
-9.58484 -13.9756 0
-9.58484 1.17437 0
-9.58484 1.22437 0
-9.58484 1.37437 0
-9.53484 -14.0256 0
-9.53484 -13.9756 0
-9.53484 1.17437 0
-9.53484 1.22437 0
-9.53484 1.37437 0
-9.48484 -13.9756 0
-9.48484 -13.9256 0
-9.48484 0.424373 0
-9.48484 0.474373 0
-9.48484 0.524373 0
-9.48484 1.17437 0
-9.48484 1.22437 0
-9.43484 -13.9756 0
-9.43484 -13.9256 0
-9.43484 0.324373 0
-9.43484 0.374373 0
-9.43484 0.424373 0
-9.43484 0.474373 0
-9.43484 1.22437 0
-9.43484 1.27437 0
-9.38484 -13.9756 0
-9.38484 -13.9256 0
-9.38484 0.224373 0
-9.38484 0.274373 0
-9.38484 0.324373 0
-9.38484 0.374373 0
-9.38484 0.424373 0
-9.38484 1.22437 0
-9.38484 1.27437 0
-9.33484 -13.9256 0
-9.33484 -13.8756 0
-9.33484 0.124373 0
-9.33484 0.174373 0
-9.33484 0.224373 0
-9.33484 0.274373 0
-9.33484 0.324373 0
-9.33484 1.32437 0
-9.28484 -13.9256 0
-9.28484 -13.8756 0
-9.28484 0.0243732 0
-9.28484 0.0743732 0
-9.28484 0.124373 0
-9.28484 0.174373 0
-9.28484 0.224373 0
-9.28484 1.37437 0
-9.23484 -13.9256 0
-9.23484 -13.8756 0
-9.23484 -0.0256268 0
-9.23484 0.0243732 0
-9.23484 0.0743732 0
-9.23484 0.124373 0
-9.23484 0.174373 0
-9.23484 1.37437 0
-9.18484 -13.8756 0
-9.18484 -13.8256 0
-9.18484 -0.175627 0
-9.18484 -0.125627 0
-9.18484 -0.0756268 0
-9.18484 -0.0256268 0
-9.18484 0.0243732 0
-9.18484 0.0743732 0
-9.18484 1.37437 0
-9.18484 1.42437 0
-9.13484 -13.8756 0
-9.13484 -13.8256 0
-9.13484 -0.175627 0
-9.13484 -0.125627 0
-9.13484 -0.0756268 0
-9.13484 -0.0256268 0
-9.13484 1.42437 0
-9.08484 -13.8756 0
-9.08484 -13.8256 0
-9.08484 -13.7756 0
-9.08484 -0.175627 0
-9.08484 -0.125627 0
-9.03484 -13.7756 0
-9.03484 -0.125627 0
-8.98484 -13.7756 0
-8.98484 -0.125627 0
-8.98484 -0.0756268 0
-8.98484 1.52437 0
-8.98484 1.57437 0
-8.93484 -13.7256 0
-8.93484 -0.0756268 0
-8.88484 -13.7256 0
-8.88484 -0.0756268 0
-8.83484 -13.7256 0
-8.83484 -13.6756 0
-8.78484 -13.4756 0
-8.73484 -13.4756 0
-8.73484 -13.4256 0
-8.68484 -13.4756 0
-8.68484 -13.4256 0
-8.68484 0.124373 0
-8.68484 0.174373 0
-8.68484 0.224373 0
-8.68484 0.274373 0
-8.68484 0.324373 0
-8.63484 -13.4756 0
-8.63484 -13.4256 0
-8.63484 -1.22563 0
-8.63484 -1.17563 0
-8.63484 0.0743732 0
-8.63484 0.124373 0
-8.63484 0.174373 0
-8.63484 0.324373 0
-8.63484 0.374373 0
-8.58484 -13.4256 0
-8.58484 -13.3756 0
-8.58484 -1.32563 0
-8.58484 -1.27563 0
-8.58484 -1.22563 0
-8.58484 -1.17563 0
-8.58484 0.374373 0
-8.53484 -13.4256 0
-8.53484 -13.3756 0
-8.53484 -1.42563 0
-8.53484 -1.37563 0
-8.53484 -1.32563 0
-8.53484 -1.27563 0
-8.53484 0.374373 0
-8.53484 0.424373 0
-8.48484 -13.3756 0
-8.48484 -1.47563 0
-8.48484 -1.42563 0
-8.48484 -1.37563 0
-8.48484 -1.32563 0
-8.48484 -1.27563 0
-8.48484 -1.07563 0
-8.48484 0.374373 0
-8.48484 0.424373 0
-8.43484 -13.4256 0
-8.43484 -13.3756 0
-8.43484 -13.3256 0
-8.43484 -1.57563 0
-8.43484 -1.52563 0
-8.43484 -1.47563 0
-8.43484 -1.42563 0
-8.43484 -1.37563 0
-8.43484 -1.02563 0
-8.43484 0.424373 0
-8.43484 0.474373 0
-8.38484 -13.3756 0
-8.38484 -13.3256 0
-8.38484 -1.67563 0
-8.38484 -1.62563 0
-8.38484 -1.57563 0
-8.38484 -1.52563 0
-8.38484 -1.47563 0
-8.38484 -1.02563 0
-8.38484 -0.975627 0
-8.38484 0.474373 0
-8.38484 0.524373 0
-8.33484 -13.3256 0
-8.33484 -1.77563 0
-8.33484 -1.72563 0
-8.33484 -1.67563 0
-8.33484 -1.62563 0
-8.33484 -1.57563 0
-8.33484 -1.52563 0
-8.33484 -0.975627 0
-8.33484 -0.925627 0
-8.33484 0.474373 0
-8.33484 0.524373 0
-8.28484 -13.3256 0
-8.28484 -13.2756 0
-8.28484 -1.87563 0
-8.28484 -1.82563 0
-8.28484 -1.77563 0
-8.28484 -1.72563 0
-8.28484 -1.67563 0
-8.28484 -0.975627 0
-8.28484 -0.925627 0
-8.28484 0.524373 0
-8.28484 0.574373 0
-8.23484 -13.2756 0
-8.23484 -1.92563 0
-8.23484 -1.87563 0
-8.23484 -1.82563 0
-8.23484 -1.77563 0
-8.23484 -0.975627 0
-8.23484 -0.925627 0
-8.23484 0.524373 0
-8.23484 0.574373 0
-8.18484 -13.2756 0
-8.18484 -13.2256 0
-8.18484 -2.02563 0
-8.18484 -1.97563 0
-8.18484 -1.92563 0
-8.18484 -1.87563 0
-8.18484 -0.975627 0
-8.18484 -0.925627 0
-8.18484 -0.875627 0
-8.18484 0.574373 0
-8.18484 0.624373 0
-8.13484 -13.2756 0
-8.13484 -13.2256 0
-8.13484 -2.12563 0
-8.13484 -2.07563 0
-8.13484 -2.02563 0
-8.13484 -1.97563 0
-8.13484 -1.92563 0
-8.13484 -0.925627 0
-8.13484 -0.875627 0
-8.13484 -0.825627 0
-8.13484 0.574373 0
-8.13484 0.624373 0
-8.08484 -13.2256 0
-8.08484 -2.22563 0
-8.08484 -2.17563 0
-8.08484 -2.12563 0
-8.08484 -2.07563 0
-8.08484 -0.925627 0
-8.08484 -0.875627 0
-8.08484 -0.825627 0
-8.08484 0.624373 0
-8.08484 0.674373 0
-8.03484 -2.27563 0
-8.03484 -2.22563 0
-8.03484 -2.17563 0
-8.03484 -2.12563 0
-8.03484 -1.02563 0
-8.03484 -0.975627 0
-8.03484 -0.925627 0
-8.03484 0.624373 0
-8.03484 0.674373 0
-7.98484 -13.1756 0
-7.98484 -1.07563 0
-7.98484 -1.02563 0
-7.98484 0.674373 0
-7.98484 0.724373 0
-7.93484 -13.1756 0
-7.93484 -1.07563 0
-7.93484 0.724373 0
-7.93484 0.774373 0
-7.88484 -13.1756 0
-7.88484 -13.1256 0
-7.88484 -1.12563 0
-7.88484 0.724373 0
-7.88484 0.774373 0
-7.83484 -13.1256 0
-7.83484 -1.07563 0
-7.83484 0.774373 0
-7.83484 0.824373 0
-7.78484 -13.1256 0
-7.78484 -1.07563 0
-7.78484 -1.02563 0
-7.78484 0.774373 0
-7.78484 0.824373 0
-7.73484 -13.0756 0
-7.73484 -1.02563 0
-7.73484 0.824373 0
-7.73484 0.874373 0
-7.68484 -13.0756 0
-7.68484 -2.02563 0
-7.68484 -1.92563 0
-7.68484 -1.02563 0
-7.68484 -0.975627 0
-7.68484 0.824373 0
-7.68484 0.874373 0
-7.63484 -13.0756 0
-7.63484 -1.92563 0
-7.63484 -1.87563 0
-7.63484 -0.975627 0
-7.63484 0.874373 0
-7.63484 0.924373 0
-7.58484 -1.92563 0
-7.58484 -1.87563 0
-7.58484 -1.82563 0
-7.58484 -0.975627 0
-7.58484 -0.925627 0
-7.58484 0.874373 0
-7.58484 0.924373 0
-7.53484 -1.97563 0
-7.53484 -1.92563 0
-7.53484 -1.87563 0
-7.53484 -1.82563 0
-7.53484 -1.77563 0
-7.53484 -0.925627 0
-7.53484 -0.875627 0
-7.53484 0.924373 0
-7.53484 0.974373 0
-7.48484 -3.37563 0
-7.48484 -3.32563 0
-7.48484 -3.27563 0
-7.48484 -1.77563 0
-7.48484 -1.72563 0
-7.48484 -0.875627 0
-7.48484 0.924373 0
-7.48484 0.974373 0
-7.43484 -3.47563 0
-7.43484 -3.42563 0
-7.43484 -3.37563 0
-7.43484 -3.32563 0
-7.43484 -3.27563 0
-7.43484 -3.22563 0
-7.43484 -1.72563 0
-7.43484 -0.875627 0
-7.43484 -0.825627 0
-7.43484 0.974373 0
-7.43484 1.02437 0
-7.38484 -3.57563 0
-7.38484 -3.52563 0
-7.38484 -3.47563 0
-7.38484 -3.42563 0
-7.38484 -3.37563 0
-7.38484 -3.32563 0
-7.38484 -3.27563 0
-7.38484 -3.22563 0
-7.38484 -1.72563 0
-7.38484 -1.67563 0
-7.38484 -0.825627 0
-7.38484 0.974373 0
-7.38484 1.02437 0
-7.33484 -3.62563 0
-7.33484 -3.57563 0
-7.33484 -3.52563 0
-7.33484 -3.47563 0
-7.33484 -3.42563 0
-7.33484 -3.37563 0
-7.33484 -3.32563 0
-7.33484 -3.27563 0
-7.33484 -3.22563 0
-7.33484 -3.17563 0
-7.33484 -1.67563 0
-7.33484 -1.62563 0
-7.33484 -0.825627 0
-7.33484 -0.775627 0
-7.33484 0.874373 0
-7.33484 0.924373 0
-7.33484 0.974373 0
-7.28484 -3.72563 0
-7.28484 -3.67563 0
-7.28484 -3.62563 0
-7.28484 -3.57563 0
-7.28484 -3.52563 0
-7.28484 -3.47563 0
-7.28484 -3.27563 0
-7.28484 -3.22563 0
-7.28484 -3.17563 0
-7.28484 -3.12563 0
-7.28484 -1.67563 0
-7.28484 -1.62563 0
-7.28484 -0.775627 0
-7.28484 0.774373 0
-7.28484 0.824373 0
-7.28484 0.874373 0
-7.28484 0.924373 0
-7.23484 -3.82563 0
-7.23484 -3.77563 0
-7.23484 -3.72563 0
-7.23484 -3.67563 0
-7.23484 -3.62563 0
-7.23484 -3.57563 0
-7.23484 -3.17563 0
-7.23484 -3.12563 0
-7.23484 -3.07563 0
-7.23484 -1.62563 0
-7.23484 -1.57563 0
-7.23484 -0.725627 0
-7.23484 0.674373 0
-7.23484 0.724373 0
-7.23484 0.774373 0
-7.23484 0.824373 0
-7.23484 0.874373 0
-7.18484 -3.97563 0
-7.18484 -3.92563 0
-7.18484 -3.87563 0
-7.18484 -3.82563 0
-7.18484 -3.77563 0
-7.18484 -3.72563 0
-7.18484 -3.67563 0
-7.18484 -3.62563 0
-7.18484 -3.22563 0
-7.18484 -3.17563 0
-7.18484 -3.12563 0
-7.18484 -3.07563 0
-7.18484 -3.02563 0
-7.18484 -1.57563 0
-7.18484 -0.725627 0
-7.18484 0.574373 0
-7.18484 0.624373 0
-7.18484 0.674373 0
-7.18484 0.724373 0
-7.13484 -4.12563 0
-7.13484 -4.07563 0
-7.13484 -4.02563 0
-7.13484 -3.97563 0
-7.13484 -3.92563 0
-7.13484 -3.87563 0
-7.13484 -3.82563 0
-7.13484 -3.77563 0
-7.13484 -3.72563 0
-7.13484 -3.17563 0
-7.13484 -3.12563 0
-7.13484 -3.07563 0
-7.13484 -3.02563 0
-7.13484 -1.57563 0
-7.13484 -1.52563 0
-7.13484 -0.675627 0
-7.13484 0.524373 0
-7.13484 0.574373 0
-7.13484 0.624373 0
-7.13484 0.674373 0
-7.08484 -4.17563 0
-7.08484 -4.12563 0
-7.08484 -4.07563 0
-7.08484 -4.02563 0
-7.08484 -3.97563 0
-7.08484 -3.92563 0
-7.08484 -3.87563 0
-7.08484 -3.82563 0
-7.08484 -3.07563 0
-7.08484 -1.52563 0
-7.08484 -1.47563 0
-7.08484 -0.675627 0
-7.08484 -0.625627 0
-7.08484 0.474373 0
-7.08484 0.524373 0
-7.03484 -4.12563 0
-7.03484 -4.07563 0
-7.03484 -4.02563 0
-7.03484 -3.97563 0
-7.03484 -3.92563 0
-7.03484 -3.87563 0
-7.03484 -3.82563 0
-7.03484 -1.47563 0
-7.03484 -0.625627 0
-7.03484 0.324373 0
-7.03484 0.374373 0
-7.03484 0.424373 0
-7.03484 0.474373 0
-6.98484 -4.12563 0
-6.98484 -4.07563 0
-6.98484 -4.02563 0
-6.98484 -1.42563 0
-6.98484 -0.625627 0
-6.98484 -0.575627 0
-6.98484 0.224373 0
-6.98484 0.274373 0
-6.98484 0.324373 0
-6.98484 0.374373 0
-6.93484 -4.02563 0
-6.93484 -3.97563 0
-6.93484 -3.87563 0
-6.93484 -1.42563 0
-6.93484 -0.575627 0
-6.93484 0.124373 0
-6.93484 0.174373 0
-6.93484 0.224373 0
-6.93484 0.274373 0
-6.88484 -3.97563 0
-6.88484 -1.37563 0
-6.88484 -0.575627 0
-6.88484 -0.525627 0
-6.88484 -0.0256268 0
-6.88484 0.0243732 0
-6.88484 0.0743732 0
-6.88484 0.124373 0
-6.88484 0.174373 0
-6.83484 -3.97563 0
-6.83484 -3.92563 0
-6.83484 -3.32563 0
-6.83484 -1.37563 0
-6.83484 -0.525627 0
-6.83484 -0.0756268 0
-6.83484 -0.0256268 0
-6.83484 0.0243732 0
-6.83484 0.0743732 0
-6.78484 -3.92563 0
-6.78484 -1.37563 0
-6.78484 -1.32563 0
-6.78484 -0.475627 0
-6.78484 -0.175627 0
-6.78484 -0.125627 0
-6.78484 -0.0756268 0
-6.78484 -0.0256268 0
-6.73484 -1.37563 0
-6.73484 -1.32563 0
-6.73484 -1.27563 0
-6.73484 -0.475627 0
-6.73484 -0.275627 0
-6.73484 -0.225627 0
-6.73484 -0.175627 0
-6.73484 -0.125627 0
-6.68484 -3.87563 0
-6.68484 -3.27563 0
-6.68484 -1.32563 0
-6.68484 -1.27563 0
-6.68484 -0.425627 0
-6.68484 -0.375627 0
-6.68484 -0.325627 0
-6.68484 -0.275627 0
-6.68484 -0.225627 0
-6.63484 -3.82563 0
-6.63484 -1.27563 0
-6.63484 -0.375627 0
-6.63484 -0.325627 0
-6.58484 -1.27563 0
-6.58484 -1.22563 0
-6.53484 -1.22563 0
-6.53484 -1.17563 0
-6.48484 -1.17563 0
-6.43484 -1.17563 0
-6.43484 -1.12563 0
-6.38484 -1.12563 0
-6.33484 -1.12563 0
-6.33484 -1.07563 0
-6.28484 -3.12563 0
-6.28484 -1.12563 0
-6.28484 -1.07563 0
-6.23484 -3.07563 0
-6.23484 -1.17563 0
-6.23484 -1.12563 0
-6.23484 -1.07563 0
-6.18484 -1.27563 0
-6.18484 -1.22563 0
-6.18484 -1.17563 0
-6.13484 -3.02563 0
-6.13484 -1.37563 0
-6.13484 -1.32563 0
-6.13484 -1.27563 0
-6.08484 -1.47563 0
-6.08484 -1.42563 0
-6.08484 -1.37563 0
-6.08484 -1.32563 0
-6.03484 -2.97563 0
-6.03484 -1.57563 0
-6.03484 -1.52563 0
-6.03484 -1.47563 0
-6.03484 -1.42563 0
-5.98484 -1.62563 0
-5.98484 -1.57563 0
-5.98484 -1.52563 0
-5.93484 -1.77563 0
-5.93484 -1.72563 0
-5.93484 -1.67563 0
-5.93484 -1.62563 0
-5.88484 -2.92563 0
-5.88484 -1.82563 0
-5.88484 -1.77563 0
-5.88484 -1.72563 0
-5.88484 -1.67563 0
-5.83484 -2.87563 0
-5.83484 -1.87563 0
-5.83484 -1.82563 0
-5.78484 -2.87563 0
-5.78484 -1.97563 0
-5.78484 -1.92563 0
-5.73484 -2.87563 0
-5.73484 -2.12563 0
-5.73484 -2.07563 0
-5.73484 -2.02563 0
-5.73484 -1.97563 0
-5.68484 -2.82563 0
-5.68484 -2.17563 0
-5.68484 -2.12563 0
-5.68484 -2.07563 0
-5.63484 -2.57563 0
-5.63484 -2.52563 0
-5.63484 -2.27563 0
-5.63484 -2.22563 0
-5.63484 -2.17563 0
-5.58484 -2.72563 0
-5.58484 -2.67563 0
-5.58484 -2.62563 0
-5.58484 -2.57563 0
-5.58484 -2.52563 0
-5.58484 -2.37563 0
-5.58484 -2.32563 0
-5.58484 -2.27563 0
-5.58484 -2.22563 0
-5.53484 -2.52563 0
-5.53484 -2.47563 0
-5.53484 -2.42563 0
-5.53484 -2.37563 0
-5.53484 -2.32563 0
-5.48484 -15.0256 0
-5.13484 -14.7756 0
-4.48484 -14.5256 0
-4.43484 -14.5256 0
-4.38484 -14.4756 0
-4.33484 -14.4256 0
-4.18484 -14.3756 0
-4.18484 -14.2756 0
-3.98484 -14.2756 0
-3.78484 -14.1256 0
-3.33484 -13.8756 0
-3.28484 -13.8756 0
-3.28484 -0.125627 0
-3.23484 -13.8756 0
-3.23484 -0.175627 0
-3.23484 -0.125627 0
-3.18484 -0.0756268 0
-3.13484 -11.3256 0
-3.13484 -0.0756268 0
-3.08484 -13.7756 0
-3.08484 -0.0756268 0
-3.08484 -0.0256268 0
-3.03484 -13.6756 0
-3.03484 -0.0256268 0
-2.98484 -11.2756 0
-2.98484 -11.2256 0
-2.98484 -0.0256268 0
-2.93484 -11.2756 0
-2.93484 -11.2256 0
-2.93484 -0.0256268 0
-2.93484 0.0243732 0
-2.88484 -11.2256 0
-2.88484 0.0243732 0
-2.83484 -11.2256 0
-2.83484 0.0243732 0
-2.83484 0.0743732 0
-2.78484 -11.2256 0
-2.78484 -11.1756 0
-2.78484 0.0243732 0
-2.78484 0.0743732 0
-2.78484 0.124373 0
-2.73484 -11.1756 0
-2.73484 0.0243732 0
-2.73484 0.0743732 0
-2.73484 0.124373 0
-2.68484 -13.5756 0
-2.68484 -11.1756 0
-2.68484 -11.1256 0
-2.68484 0.0743732 0
-2.68484 0.124373 0
-2.63484 -11.1256 0
-2.63484 0.0743732 0
-2.63484 0.124373 0
-2.63484 0.174373 0
-2.58484 0.124373 0
-2.53484 0.124373 0
-2.53484 0.174373 0
-2.53484 5.82437 0
-2.48484 -11.0756 0
-2.48484 0.124373 0
-2.48484 0.174373 0
-2.48484 0.224373 0
-2.48484 5.62437 0
-2.48484 5.77437 0
-2.48484 5.82437 0
-2.48484 5.87437 0
-2.48484 5.92437 0
-2.43484 0.174373 0
-2.43484 5.52437 0
-2.43484 5.57437 0
-2.43484 5.62437 0
-2.43484 5.67437 0
-2.43484 5.72437 0
-2.43484 5.77437 0
-2.43484 5.82437 0
-2.43484 5.87437 0
-2.43484 5.92437 0
-2.43484 5.97437 0
-2.38484 0.174373 0
-2.38484 0.224373 0
-2.38484 5.37437 0
-2.38484 5.42437 0
-2.38484 5.47437 0
-2.38484 5.52437 0
-2.38484 5.57437 0
-2.38484 5.62437 0
-2.38484 5.92437 0
-2.38484 5.97437 0
-2.33484 0.224373 0
-2.33484 0.274373 0
-2.33484 5.27437 0
-2.33484 5.37437 0
-2.33484 5.42437 0
-2.33484 5.47437 0
-2.33484 5.97437 0
-2.33484 6.02437 0
-2.28484 0.224373 0
-2.28484 0.274373 0
-2.28484 5.12437 0
-2.28484 5.17437 0
-2.28484 5.22437 0
-2.28484 5.27437 0
-2.28484 5.32437 0
-2.28484 5.97437 0
-2.28484 6.02437 0
-2.23484 0.224373 0
-2.23484 0.274373 0
-2.23484 4.97437 0
-2.23484 5.02437 0
-2.23484 5.07437 0
-2.23484 5.12437 0
-2.23484 5.17437 0
-2.23484 5.22437 0
-2.23484 5.97437 0
-2.23484 6.02437 0
-2.23484 6.07437 0
-2.18484 0.274373 0
-2.18484 0.324373 0
-2.18484 4.77437 0
-2.18484 4.82437 0
-2.18484 4.87437 0
-2.18484 4.92437 0
-2.18484 4.97437 0
-2.18484 5.02437 0
-2.18484 5.07437 0
-2.18484 6.02437 0
-2.18484 6.07437 0
-2.13484 0.274373 0
-2.13484 0.324373 0
-2.13484 4.62437 0
-2.13484 4.67437 0
-2.13484 4.72437 0
-2.13484 4.77437 0
-2.13484 4.82437 0
-2.13484 4.87437 0
-2.13484 4.92437 0
-2.13484 4.97437 0
-2.13484 6.02437 0
-2.13484 6.07437 0
-2.08484 0.274373 0
-2.08484 0.324373 0
-2.08484 0.374373 0
-2.08484 4.52437 0
-2.08484 4.57437 0
-2.08484 4.62437 0
-2.08484 4.67437 0
-2.08484 4.72437 0
-2.08484 4.77437 0
-2.08484 6.02437 0
-2.08484 6.07437 0
-2.08484 6.12437 0
-2.03484 -13.2756 0
-2.03484 -10.8756 0
-2.03484 0.324373 0
-2.03484 0.374373 0
-2.03484 4.37437 0
-2.03484 4.42437 0
-2.03484 4.47437 0
-2.03484 4.52437 0
-2.03484 4.57437 0
-2.03484 4.62437 0
-2.03484 6.07437 0
-2.03484 6.12437 0
-1.98484 0.324373 0
-1.98484 0.374373 0
-1.98484 4.22437 0
-1.98484 4.27437 0
-1.98484 4.32437 0
-1.98484 4.37437 0
-1.98484 4.42437 0
-1.98484 4.47437 0
-1.98484 6.07437 0
-1.98484 6.12437 0
-1.93484 0.324373 0
-1.93484 0.374373 0
-1.93484 0.424373 0
-1.93484 4.07437 0
-1.93484 4.12437 0
-1.93484 4.17437 0
-1.93484 4.22437 0
-1.93484 4.27437 0
-1.93484 4.32437 0
-1.93484 4.37437 0
-1.93484 6.12437 0
-1.93484 6.17437 0
-1.88484 0.374373 0
-1.88484 0.424373 0
-1.88484 3.92437 0
-1.88484 3.97437 0
-1.88484 4.02437 0
-1.88484 4.07437 0
-1.88484 4.12437 0
-1.88484 4.17437 0
-1.88484 4.22437 0
-1.88484 6.12437 0
-1.88484 6.17437 0
-1.83484 -10.8256 0
-1.83484 0.374373 0
-1.83484 0.424373 0
-1.83484 0.474373 0
-1.83484 3.77437 0
-1.83484 3.82437 0
-1.83484 3.87437 0
-1.83484 3.92437 0
-1.83484 3.97437 0
-1.83484 4.02437 0
-1.83484 4.07437 0
-1.83484 4.12437 0
-1.83484 6.12437 0
-1.83484 6.17437 0
-1.78484 0.374373 0
-1.78484 0.424373 0
-1.78484 0.474373 0
-1.78484 3.62437 0
-1.78484 3.67437 0
-1.78484 3.72437 0
-1.78484 3.77437 0
-1.78484 3.82437 0
-1.78484 3.87437 0
-1.78484 3.92437 0
-1.78484 6.17437 0
-1.78484 6.22437 0
-1.73484 0.424373 0
-1.73484 0.474373 0
-1.73484 3.47437 0
-1.73484 3.52437 0
-1.73484 3.57437 0
-1.73484 3.62437 0
-1.73484 3.67437 0
-1.73484 3.72437 0
-1.73484 3.77437 0
-1.73484 6.17437 0
-1.73484 6.22437 0
-1.68484 0.424373 0
-1.68484 0.474373 0
-1.68484 0.524373 0
-1.68484 3.37437 0
-1.68484 3.42437 0
-1.68484 3.47437 0
-1.68484 3.52437 0
-1.68484 3.57437 0
-1.68484 3.62437 0
-1.68484 6.17437 0
-1.68484 6.22437 0
-1.63484 0.474373 0
-1.63484 0.524373 0
-1.63484 3.22437 0
-1.63484 3.27437 0
-1.63484 3.32437 0
-1.63484 3.37437 0
-1.63484 3.42437 0
-1.63484 3.47437 0
-1.63484 3.52437 0
-1.63484 6.22437 0
-1.63484 6.27437 0
-1.58484 0.474373 0
-1.58484 0.524373 0
-1.58484 3.07437 0
-1.58484 3.12437 0
-1.58484 3.17437 0
-1.58484 3.22437 0
-1.58484 3.27437 0
-1.58484 3.32437 0
-1.58484 3.37437 0
-1.58484 6.22437 0
-1.58484 6.27437 0
-1.53484 0.474373 0
-1.53484 0.524373 0
-1.53484 0.574373 0
-1.53484 2.72437 0
-1.53484 2.97437 0
-1.53484 3.02437 0
-1.53484 3.07437 0
-1.53484 3.12437 0
-1.53484 3.17437 0
-1.53484 3.22437 0
-1.53484 6.22437 0
-1.53484 6.27437 0
-1.48484 0.524373 0
-1.48484 0.574373 0
-1.48484 2.67437 0
-1.48484 2.72437 0
-1.48484 2.82437 0
-1.48484 2.87437 0
-1.48484 2.92437 0
-1.48484 2.97437 0
-1.48484 3.02437 0
-1.48484 3.07437 0
-1.48484 6.27437 0
-1.48484 6.32437 0
-1.43484 0.524373 0
-1.43484 0.574373 0
-1.43484 0.624373 0
-1.43484 2.52437 0
-1.43484 2.57437 0
-1.43484 2.62437 0
-1.43484 2.67437 0
-1.43484 2.72437 0
-1.43484 2.77437 0
-1.43484 2.82437 0
-1.43484 2.87437 0
-1.43484 2.92437 0
-1.43484 2.97437 0
-1.43484 6.27437 0
-1.43484 6.32437 0
-1.38484 0.574373 0
-1.38484 0.624373 0
-1.38484 2.42437 0
-1.38484 2.47437 0
-1.38484 2.52437 0
-1.38484 2.57437 0
-1.38484 2.62437 0
-1.38484 2.67437 0
-1.38484 2.72437 0
-1.38484 2.77437 0
-1.38484 2.82437 0
-1.38484 6.27437 0
-1.38484 6.32437 0
-1.38484 6.37437 0
-1.33484 -10.6256 0
-1.33484 0.574373 0
-1.33484 0.624373 0
-1.33484 2.27437 0
-1.33484 2.32437 0
-1.33484 2.37437 0
-1.33484 2.42437 0
-1.33484 2.47437 0
-1.33484 2.52437 0
-1.33484 2.57437 0
-1.33484 6.32437 0
-1.33484 6.37437 0
-1.28484 -10.6256 0
-1.28484 0.574373 0
-1.28484 0.624373 0
-1.28484 0.674373 0
-1.28484 2.12437 0
-1.28484 2.17437 0
-1.28484 2.22437 0
-1.28484 2.27437 0
-1.28484 2.32437 0
-1.28484 2.37437 0
-1.28484 2.42437 0
-1.28484 6.32437 0
-1.28484 6.37437 0
-1.23484 -10.6256 0
-1.23484 -10.5756 0
-1.23484 0.574373 0
-1.23484 0.624373 0
-1.23484 0.674373 0
-1.23484 1.97437 0
-1.23484 2.02437 0
-1.23484 2.07437 0
-1.23484 2.12437 0
-1.23484 2.17437 0
-1.23484 2.22437 0
-1.23484 2.27437 0
-1.23484 2.32437 0
-1.23484 6.32437 0
-1.23484 6.37437 0
-1.23484 6.42437 0
-1.18484 -10.6256 0
-1.18484 -10.5756 0
-1.18484 0.624373 0
-1.18484 0.674373 0
-1.18484 1.87437 0
-1.18484 1.92437 0
-1.18484 1.97437 0
-1.18484 2.02437 0
-1.18484 2.07437 0
-1.18484 2.12437 0
-1.18484 2.17437 0
-1.18484 6.37437 0
-1.18484 6.42437 0
-1.13484 -10.5756 0
-1.13484 -10.5256 0
-1.13484 0.624373 0
-1.13484 0.674373 0
-1.13484 0.724373 0
-1.13484 1.72437 0
-1.13484 1.77437 0
-1.13484 1.82437 0
-1.13484 1.87437 0
-1.13484 1.92437 0
-1.13484 1.97437 0
-1.13484 2.02437 0
-1.13484 6.37437 0
-1.13484 6.42437 0
-1.08484 -10.5756 0
-1.08484 -10.5256 0
-1.08484 0.674373 0
-1.08484 0.724373 0
-1.08484 1.57437 0
-1.08484 1.62437 0
-1.08484 1.67437 0
-1.08484 1.72437 0
-1.08484 1.77437 0
-1.08484 1.82437 0
-1.08484 1.87437 0
-1.08484 1.92437 0
-1.08484 6.42437 0
-1.03484 -10.5756 0
-1.03484 -10.5256 0
-1.03484 0.674373 0
-1.03484 0.724373 0
-1.03484 1.42437 0
-1.03484 1.47437 0
-1.03484 1.52437 0
-1.03484 1.57437 0
-1.03484 1.62437 0
-1.03484 1.67437 0
-1.03484 1.72437 0
-1.03484 1.77437 0
-1.03484 6.42437 0
-1.03484 6.47437 0
-0.984835 -10.5256 0
-0.984835 -10.4756 0
-0.984835 0.674373 0
-0.984835 0.724373 0
-0.984835 0.774373 0
-0.984835 1.32437 0
-0.984835 1.37437 0
-0.984835 1.42437 0
-0.984835 1.47437 0
-0.984835 1.52437 0
-0.984835 1.57437 0
-0.984835 1.62437 0
-0.984835 6.42437 0
-0.984835 6.47437 0
-0.934835 -10.5256 0
-0.934835 -10.4756 0
-0.934835 0.724373 0
-0.934835 0.774373 0
-0.934835 1.17437 0
-0.934835 1.22437 0
-0.934835 1.27437 0
-0.934835 1.32437 0
-0.934835 1.37437 0
-0.934835 1.42437 0
-0.934835 1.47437 0
-0.934835 6.47437 0
-0.934835 6.52437 0
-0.884835 -10.5256 0
-0.884835 -10.4756 0
-0.884835 -10.4256 0
-0.884835 0.724373 0
-0.884835 0.774373 0
-0.884835 1.02437 0
-0.884835 1.07437 0
-0.884835 1.12437 0
-0.884835 1.17437 0
-0.884835 1.22437 0
-0.884835 1.27437 0
-0.884835 1.32437 0
-0.884835 6.47437 0
-0.884835 6.52437 0
-0.834835 -12.5256 0
-0.834835 -12.4756 0
-0.834835 -10.5256 0
-0.834835 -10.4756 0
-0.834835 -10.4256 0
-0.834835 0.724373 0
-0.834835 0.774373 0
-0.834835 0.824373 0
-0.834835 0.874373 0
-0.834835 0.924373 0
-0.834835 0.974373 0
-0.834835 1.02437 0
-0.834835 1.07437 0
-0.834835 1.12437 0
-0.834835 1.17437 0
-0.834835 1.22437 0
-0.834835 6.47437 0
-0.834835 6.52437 0
-0.784835 -10.4756 0
-0.784835 -10.4256 0
-0.784835 0.724373 0
-0.784835 0.774373 0
-0.784835 0.824373 0
-0.784835 0.874373 0
-0.784835 0.924373 0
-0.784835 0.974373 0
-0.784835 1.02437 0
-0.784835 1.07437 0
-0.784835 6.52437 0
-0.784835 6.57437 0
-0.734835 -10.4756 0
-0.734835 -10.4256 0
-0.734835 -10.3756 0
-0.734835 0.774373 0
-0.734835 0.824373 0
-0.734835 0.874373 0
-0.734835 0.924373 0
-0.734835 6.52437 0
-0.734835 6.57437 0
-0.684835 -10.4256 0
-0.684835 -10.3756 0
-0.684835 0.774373 0
-0.684835 0.824373 0
-0.684835 6.52437 0
-0.684835 6.57437 0
-0.634835 -10.4256 0
-0.634835 -10.3756 0
-0.634835 -10.3256 0
-0.634835 6.52437 0
-0.634835 6.57437 0
-0.634835 6.62437 0
-0.584835 -10.4256 0
-0.584835 -10.3756 0
-0.584835 -10.3256 0
-0.584835 6.57437 0
-0.584835 6.62437 0
-0.534835 -10.3756 0
-0.534835 -10.3256 0
-0.534835 6.57437 0
-0.534835 6.62437 0
-0.484835 -10.3256 0
-0.484835 6.62437 0
-0.484835 6.67437 0
-0.434835 -10.3256 0
-0.434835 -10.2756 0
-0.434835 6.62437 0
-0.434835 6.67437 0
-0.384835 -10.3256 0
-0.384835 -10.2756 0
-0.384835 6.62437 0
-0.384835 6.67437 0
-0.384835 6.72437 0
-0.334835 -10.3256 0
-0.334835 -10.2756 0
-0.334835 6.67437 0
-0.334835 6.72437 0
-0.284835 -10.2756 0
-0.284835 -10.2256 0
-0.284835 6.67437 0
-0.284835 6.72437 0
-0.284835 6.77437 0
-0.234835 -10.2756 0
-0.234835 -10.2256 0
-0.234835 6.72437 0
-0.234835 6.77437 0
-0.184835 -10.2756 0
-0.184835 -10.2256 0
-0.184835 -10.1756 0
-0.184835 6.72437 0
-0.184835 6.77437 0
-0.134835 -10.2256 0
-0.134835 -10.1756 0
-0.134835 6.72437 0
-0.134835 6.77437 0
-0.134835 6.82437 0
-0.0848354 -10.2256 0
-0.0848354 -10.1756 0
-0.0848354 6.77437 0
-0.0848354 6.82437 0
-0.0348354 -10.1756 0
-0.0348354 -10.1256 0
-0.0348354 6.77437 0
-0.0348354 6.82437 0
0.0151646 -10.1756 0
0.0151646 -10.1256 0
0.0151646 6.77437 0
0.0151646 6.82437 0
0.0151646 6.87437 0
0.0651646 -10.1756 0
0.0651646 -10.1256 0
0.0651646 6.82437 0
0.0651646 6.87437 0
0.115165 -10.1256 0
0.115165 -10.0756 0
0.115165 6.82437 0
0.115165 6.87437 0
0.165165 -10.1256 0
0.165165 -10.0756 0
0.165165 6.82437 0
0.165165 6.87437 0
0.165165 6.92437 0
0.215165 -10.1256 0
0.215165 -10.0756 0
0.215165 -10.0256 0
0.215165 6.87437 0
0.215165 6.92437 0
0.265165 -10.1256 0
0.265165 -10.0756 0
0.265165 -10.0256 0
0.265165 6.87437 0
0.265165 6.92437 0
0.315165 -10.0756 0
0.315165 -10.0256 0
0.315165 6.87437 0
0.315165 6.92437 0
0.315165 6.97437 0
0.365165 -10.0756 0
0.365165 -10.0256 0
0.365165 -9.97563 0
0.365165 6.92437 0
0.365165 6.97437 0
0.415165 -10.0256 0
0.415165 -9.97563 0
0.415165 6.92437 0
0.415165 6.97437 0
0.465165 -10.0256 0
0.465165 -9.97563 0
0.465165 6.92437 0
0.465165 6.97437 0
0.465165 7.02437 0
0.515165 -9.97563 0
0.515165 -9.92563 0
0.515165 6.97437 0
0.515165 7.02437 0
0.565165 -9.97563 0
0.565165 -9.92563 0
0.565165 6.97437 0
0.565165 7.02437 0
0.615165 -9.97563 0
0.615165 -9.92563 0
0.615165 6.97437 0
0.615165 7.02437 0
0.615165 7.07437 0
0.665165 -9.92563 0
0.665165 -9.87563 0
0.665165 7.02437 0
0.665165 7.07437 0
0.715165 -9.92563 0
0.715165 -9.87563 0
0.715165 7.02437 0
0.715165 7.07437 0
0.715165 7.12437 0
0.765165 -9.92563 0
0.765165 -9.87563 0
0.765165 -9.82563 0
0.765165 7.02437 0
0.765165 7.07437 0
0.765165 7.12437 0
0.815165 -9.87563 0
0.815165 -9.82563 0
0.815165 7.07437 0
0.815165 7.12437 0
0.865165 7.07437 0
0.865165 7.12437 0
0.865165 7.17437 0
0.915165 -10.0256 0
0.915165 -9.97563 0
0.915165 7.12437 0
0.915165 7.17437 0
0.965165 -10.0256 0
0.965165 -9.97563 0
0.965165 7.12437 0
0.965165 7.17437 0
1.01516 -10.0256 0
1.01516 -9.97563 0
1.01516 -9.92563 0
1.01516 7.12437 0
1.01516 7.17437 0
1.01516 7.22437 0
1.06516 -9.97563 0
1.06516 -9.92563 0
1.06516 7.17437 0
1.06516 7.22437 0
1.11516 -9.97563 0
1.11516 -9.92563 0
1.11516 7.17437 0
1.11516 7.22437 0
1.11516 7.27437 0
1.16516 -9.97563 0
1.16516 -9.92563 0
1.16516 -9.87563 0
1.16516 7.17437 0
1.16516 7.22437 0
1.16516 7.27437 0
1.21516 -9.92563 0
1.21516 -9.87563 0
1.21516 7.22437 0
1.21516 7.27437 0
1.26516 -9.92563 0
1.26516 -9.87563 0
1.26516 7.22437 0
1.26516 7.27437 0
1.26516 7.32437 0
1.31516 -9.92563 0
1.31516 -9.87563 0
1.31516 -9.82563 0
1.31516 -5.62563 0
1.31516 7.27437 0
1.31516 7.32437 0
1.36516 -9.87563 0
1.36516 -9.82563 0
1.36516 -5.62563 0
1.36516 7.27437 0
1.36516 7.32437 0
1.36516 7.37437 0
1.41516 -9.87563 0
1.41516 -9.82563 0
1.41516 -5.62563 0
1.41516 -5.57563 0
1.41516 7.27437 0
1.41516 7.32437 0
1.41516 7.37437 0
1.41516 7.42437 0
1.46516 -9.87563 0
1.46516 -9.82563 0
1.46516 -9.77563 0
1.46516 -6.37563 0
1.46516 -6.32563 0
1.46516 -6.27563 0
1.46516 -6.07563 0
1.46516 -5.62563 0
1.46516 -5.57563 0
1.46516 7.32437 0
1.46516 7.37437 0
1.46516 7.42437 0
1.51516 -9.82563 0
1.51516 -9.77563 0
1.51516 -6.47563 0
1.51516 -6.42563 0
1.51516 -6.37563 0
1.51516 -6.32563 0
1.51516 -6.27563 0
1.51516 -6.22563 0
1.51516 -6.07563 0
1.51516 -5.72563 0
1.51516 -5.67563 0
1.51516 -5.62563 0
1.51516 -5.57563 0
1.51516 -5.52563 0
1.51516 7.32437 0
1.51516 7.37437 0
1.51516 7.42437 0
1.56516 -9.82563 0
1.56516 -9.77563 0
1.56516 -6.62563 0
1.56516 -6.57563 0
1.56516 -6.52563 0
1.56516 -6.47563 0
1.56516 -6.22563 0
1.56516 -5.87563 0
1.56516 -5.82563 0
1.56516 -5.77563 0
1.56516 -5.72563 0
1.56516 -5.57563 0
1.56516 -5.52563 0
1.56516 7.32437 0
1.56516 7.37437 0
1.56516 7.42437 0
1.56516 7.47437 0
1.61516 -9.77563 0
1.61516 -9.72563 0
1.61516 -6.77563 0
1.61516 -6.72563 0
1.61516 -6.67563 0
1.61516 -6.62563 0
1.61516 -6.02563 0
1.61516 -5.97563 0
1.61516 -5.92563 0
1.61516 -5.87563 0
1.61516 -5.82563 0
1.61516 -5.52563 0
1.61516 7.37437 0
1.61516 7.42437 0
1.61516 7.47437 0
1.66516 -9.77563 0
1.66516 -9.72563 0
1.66516 -8.42563 0
1.66516 -8.37563 0
1.66516 -6.92563 0
1.66516 -6.87563 0
1.66516 -6.82563 0
1.66516 -6.77563 0
1.66516 -5.52563 0
1.66516 7.37437 0
1.66516 7.42437 0
1.66516 7.47437 0
1.71516 -9.77563 0
1.71516 -9.72563 0
1.71516 -9.67563 0
1.71516 -9.62563 0
1.71516 -9.57563 0
1.71516 -9.52563 0
1.71516 -9.47563 0
1.71516 -8.37563 0
1.71516 -8.32563 0
1.71516 -7.07563 0
1.71516 -7.02563 0
1.71516 -6.97563 0
1.71516 -6.92563 0
1.71516 7.42437 0
1.71516 7.47437 0
1.76516 -9.72563 0
1.76516 -9.67563 0
1.76516 -9.62563 0
1.76516 -9.57563 0
1.76516 -9.52563 0
1.76516 -9.47563 0
1.76516 -8.32563 0
1.76516 -8.27563 0
1.76516 -7.17563 0
1.76516 -7.12563 0
1.76516 -7.07563 0
1.76516 -7.02563 0
1.76516 7.42437 0
1.76516 7.47437 0
1.76516 7.52437 0
1.81516 -9.67563 0
1.81516 -9.52563 0
1.81516 -9.47563 0
1.81516 -8.32563 0
1.81516 -8.27563 0
1.81516 -8.22563 0
1.81516 -7.32563 0
1.81516 -7.27563 0
1.81516 -7.22563 0
1.81516 -7.17563 0
1.81516 7.42437 0
1.81516 7.47437 0
1.81516 7.52437 0
1.86516 -9.47563 0
1.86516 -9.42563 0
1.86516 -8.27563 0
1.86516 -8.22563 0
1.86516 -8.17563 0
1.86516 -7.42563 0
1.86516 -7.37563 0
1.86516 -7.32563 0
1.86516 -7.27563 0
1.86516 7.47437 0
1.86516 7.52437 0
1.86516 7.57437 0
1.91516 -9.47563 0
1.91516 -9.42563 0
1.91516 -8.22563 0
1.91516 -8.17563 0
1.91516 -8.12563 0
1.91516 -7.52563 0
1.91516 7.47437 0
1.91516 7.52437 0
1.91516 7.57437 0
1.96516 -9.52563 0
1.96516 -9.47563 0
1.96516 -9.42563 0
1.96516 -8.17563 0
1.96516 -8.12563 0
1.96516 7.47437 0
1.96516 7.52437 0
1.96516 7.57437 0
2.01516 -9.42563 0
2.01516 -9.37563 0
2.01516 -8.12563 0
2.01516 -8.07563 0
2.01516 -8.02563 0
2.01516 7.52437 0
2.01516 7.57437 0
2.06516 -9.42563 0
2.06516 -9.37563 0
2.06516 -8.07563 0
2.06516 -8.02563 0
2.06516 7.52437 0
2.06516 7.57437 0
2.06516 7.62437 0
2.11516 -9.42563 0
2.11516 -9.37563 0
2.11516 -9.32563 0
2.11516 -8.07563 0
2.11516 -8.02563 0
2.11516 7.57437 0
2.11516 7.62437 0
2.16516 -9.37563 0
2.16516 -9.32563 0
2.16516 -8.07563 0
2.16516 -8.02563 0
2.16516 7.57437 0
2.16516 7.62437 0
2.21516 -9.37563 0
2.21516 -9.32563 0
2.21516 -8.02563 0
2.21516 7.57437 0
2.21516 7.62437 0
2.21516 7.67437 0
2.26516 -9.32563 0
2.26516 -9.27563 0
2.26516 -8.02563 0
2.26516 -7.97563 0
2.26516 7.62437 0
2.26516 7.67437 0
2.31516 -9.32563 0
2.31516 -9.27563 0
2.31516 -9.12563 0
2.31516 -8.02563 0
2.31516 -7.97563 0
2.31516 7.62437 0
2.31516 7.67437 0
2.31516 7.72437 0
2.36516 -9.27563 0
2.36516 -9.22563 0
2.36516 -9.12563 0
2.36516 -9.07563 0
2.36516 -7.97563 0
2.36516 -6.22563 0
2.36516 -6.17563 0
2.36516 7.62437 0
2.36516 7.67437 0
2.36516 7.72437 0
2.41516 -9.27563 0
2.41516 -9.22563 0
2.41516 -9.17563 0
2.41516 -8.97563 0
2.41516 -8.92563 0
2.41516 -6.22563 0
2.41516 -6.17563 0
2.41516 7.67437 0
2.41516 7.72437 0
2.41516 7.77437 0
2.46516 -9.22563 0
2.46516 -9.17563 0
2.46516 -9.12563 0
2.46516 -9.07563 0
2.46516 -9.02563 0
2.46516 -8.97563 0
2.46516 -8.92563 0
2.46516 -6.17563 0
2.46516 7.67437 0
2.46516 7.72437 0
2.46516 7.77437 0
2.51516 -9.07563 0
2.51516 -9.02563 0
2.51516 -6.17563 0
2.51516 7.67437 0
2.51516 7.72437 0
2.51516 7.77437 0
2.56516 -6.17563 0
2.56516 -6.12563 0
2.56516 7.72437 0
2.56516 7.77437 0
2.56516 7.82437 0
2.61516 -6.17563 0
2.61516 -6.12563 0
2.61516 7.72437 0
2.61516 7.77437 0
2.61516 7.82437 0
2.66516 -6.07563 0
2.66516 7.72437 0
2.66516 7.77437 0
2.66516 7.82437 0
2.71516 -6.07563 0
2.71516 7.77437 0
2.71516 7.82437 0
2.71516 7.87437 0
2.76516 -6.07563 0
2.76516 7.77437 0
2.76516 7.82437 0
2.76516 7.87437 0
2.81516 -6.07563 0
2.81516 -6.02563 0
2.81516 7.82437 0
2.81516 7.87437 0
2.86516 -6.07563 0
2.86516 -6.02563 0
2.86516 7.82437 0
2.86516 7.87437 0
2.86516 7.92437 0
2.91516 -6.02563 0
2.91516 -5.97563 0
2.91516 7.82437 0
2.91516 7.87437 0
2.91516 7.92437 0
2.96516 -6.02563 0
2.96516 -5.97563 0
2.96516 7.87437 0
2.96516 7.92437 0
3.01516 -6.02563 0
3.01516 -5.97563 0
3.01516 7.87437 0
3.01516 7.92437 0
3.01516 7.97437 0
3.06516 -6.02563 0
3.06516 -5.97563 0
3.06516 7.87437 0
3.06516 7.92437 0
3.06516 7.97437 0
3.11516 -5.97563 0
3.11516 -5.92563 0
3.11516 7.92437 0
3.11516 7.97437 0
3.16516 -5.97563 0
3.16516 -5.92563 0
3.16516 7.92437 0
3.16516 7.97437 0
3.16516 8.02437 0
3.21516 -5.92563 0
3.21516 7.92437 0
3.21516 7.97437 0
3.21516 8.02437 0
3.26516 -5.92563 0
3.26516 -5.87563 0
3.26516 7.97437 0
3.26516 8.02437 0
3.31516 -5.92563 0
3.31516 -5.87563 0
3.31516 7.97437 0
3.31516 8.02437 0
3.31516 8.07437 0
3.36516 -5.87563 0
3.36516 -5.82563 0
3.36516 8.02437 0
3.36516 8.07437 0
3.41516 -5.87563 0
3.41516 -5.82563 0
3.41516 -5.27563 0
3.41516 -5.22563 0
3.41516 8.02437 0
3.41516 8.07437 0
3.46516 -5.37563 0
3.46516 -5.32563 0
3.46516 -5.27563 0
3.46516 -5.22563 0
3.46516 -5.17563 0
3.46516 8.02437 0
3.46516 8.07437 0
3.46516 8.12437 0
3.51516 -5.47563 0
3.51516 -5.42563 0
3.51516 -5.37563 0
3.51516 -5.27563 0
3.51516 -5.22563 0
3.51516 -5.17563 0
3.51516 8.07437 0
3.51516 8.12437 0
3.56516 -5.77563 0
3.56516 -5.22563 0
3.56516 -5.17563 0
3.56516 -5.12563 0
3.56516 8.07437 0
3.61516 -5.22563 0
3.61516 -5.17563 0
3.61516 -5.12563 0
3.61516 7.92437 0
3.61516 7.97437 0
3.61516 8.02437 0
3.61516 8.07437 0
3.61516 8.12437 0
3.66516 -5.17563 0
3.66516 -5.12563 0
3.66516 7.97437 0
3.66516 8.02437 0
3.66516 8.07437 0
3.71516 -5.12563 0
3.71516 -5.07563 0
3.71516 7.47437 0
3.71516 8.02437 0
3.71516 8.07437 0
3.76516 -5.07563 0
3.76516 8.02437 0
3.76516 8.07437 0
3.76516 8.12437 0
3.81516 8.07437 0
3.81516 8.12437 0
3.86516 -5.17563 0
3.86516 8.07437 0
3.86516 8.12437 0
3.91516 8.07437 0
3.91516 8.12437 0
3.91516 8.17437 0
3.96516 8.07437 0
3.96516 8.12437 0
3.96516 8.17437 0
4.01516 8.12437 0
4.06516 7.87437 0
4.06516 8.02437 0
4.11516 7.62437 0
4.11516 7.67437 0
4.11516 7.87437 0
4.11516 7.92437 0
4.11516 8.17437 0
4.16516 7.62437 0
4.16516 8.17437 0
4.16516 8.22437 0
4.21516 8.22437 0
4.26516 8.22437 0
4.31516 8.22437 0
4.31516 8.27437 0
4.36516 8.27437 0
4.41516 8.22437 0
4.41516 8.27437 0
4.46516 8.27437 0
4.46516 8.32437 0
4.51516 -4.97563 0
4.51516 -4.92563 0
4.51516 7.77437 0
4.51516 7.92437 0
4.51516 7.97437 0
4.51516 8.02437 0
4.51516 8.17437 0
4.56516 -4.92563 0
4.56516 -4.87563 0
4.56516 -4.82563 0
4.56516 -4.77563 0
4.56516 -4.72563 0
4.56516 -4.67563 0
4.56516 7.77437 0
4.56516 7.82437 0
4.56516 7.87437 0
4.56516 7.92437 0
4.56516 7.97437 0
4.56516 8.07437 0
4.61516 -4.87563 0
4.61516 -4.82563 0
4.61516 -4.77563 0
4.61516 -4.72563 0
4.61516 -4.67563 0
4.61516 7.77437 0
4.61516 7.82437 0
4.61516 7.87437 0
4.61516 7.92437 0
4.66516 -4.82563 0
4.66516 -4.72563 0
4.66516 -4.67563 0
4.66516 -4.62563 0
4.66516 7.72437 0
4.66516 7.77437 0
4.66516 7.82437 0
4.66516 7.87437 0
4.71516 -4.67563 0
4.71516 -4.62563 0
4.71516 7.67437 0
4.71516 7.72437 0
4.71516 7.77437 0
4.71516 7.82437 0
4.71516 7.87437 0
4.76516 -4.67563 0
4.76516 7.52437 0
4.76516 7.57437 0
4.76516 7.62437 0
4.76516 7.67437 0
4.81516 -8.37563 0
4.81516 7.52437 0
4.81516 7.57437 0
4.86516 7.52437 0
4.86516 7.57437 0
4.91516 7.52437 0
4.91516 7.57437 0
4.96516 7.57437 0
4.96516 7.62437 0
5.01516 -8.32563 0
5.01516 6.72437 0
5.01516 7.52437 0
5.01516 7.57437 0
5.01516 7.62437 0
5.06516 6.37437 0
5.06516 6.42437 0
5.06516 6.47437 0
5.06516 6.52437 0
5.06516 6.57437 0
5.06516 6.62437 0
5.06516 6.67437 0
5.06516 6.72437 0
5.06516 7.52437 0
5.06516 7.57437 0
5.11516 6.22437 0
5.11516 6.27437 0
5.11516 6.32437 0
5.11516 6.37437 0
5.11516 6.42437 0
5.11516 6.47437 0
5.11516 6.52437 0
5.11516 6.57437 0
5.11516 6.62437 0
5.11516 7.32437 0
5.11516 7.37437 0
5.11516 7.42437 0
5.11516 7.47437 0
5.11516 7.52437 0
5.16516 6.07437 0
5.16516 6.12437 0
5.16516 6.17437 0
5.16516 6.22437 0
5.16516 6.27437 0
5.16516 6.32437 0
5.16516 7.17437 0
5.16516 7.22437 0
5.16516 7.27437 0
5.16516 7.32437 0
5.16516 7.42437 0
5.21516 -1.82563 0
5.21516 5.97437 0
5.21516 6.02437 0
5.21516 6.07437 0
5.21516 6.12437 0
5.21516 6.17437 0
5.21516 6.22437 0
5.21516 7.07437 0
5.21516 7.12437 0
5.21516 7.17437 0
5.21516 7.22437 0
5.21516 7.27437 0
5.26516 -1.87563 0
5.26516 -1.82563 0
5.26516 -1.77563 0
5.26516 5.82437 0
5.26516 5.87437 0
5.26516 5.92437 0
5.26516 5.97437 0
5.26516 6.02437 0
5.26516 6.07437 0
5.26516 6.87437 0
5.26516 6.92437 0
5.26516 6.97437 0
5.26516 7.02437 0
5.26516 7.07437 0
5.26516 7.12437 0
5.26516 7.17437 0
5.31516 -2.07563 0
5.31516 -2.02563 0
5.31516 -1.97563 0
5.31516 -1.92563 0
5.31516 -1.87563 0
5.31516 -1.82563 0
5.31516 -1.77563 0
5.31516 5.67437 0
5.31516 5.72437 0
5.31516 5.77437 0
5.31516 5.82437 0
5.31516 5.87437 0
5.31516 5.92437 0
5.31516 5.97437 0
5.31516 6.82437 0
5.31516 6.87437 0
5.31516 6.92437 0
5.31516 6.97437 0
5.31516 7.02437 0
5.36516 -2.17563 0
5.36516 -2.12563 0
5.36516 -2.07563 0
5.36516 -2.02563 0
5.36516 -1.97563 0
5.36516 -1.92563 0
5.36516 -1.87563 0
5.36516 -1.82563 0
5.36516 -1.77563 0
5.36516 5.57437 0
5.36516 5.62437 0
5.36516 5.67437 0
5.36516 5.72437 0
5.36516 5.77437 0
5.36516 5.82437 0
5.41516 -2.27563 0
5.41516 -2.22563 0
5.41516 -2.17563 0
5.41516 -2.12563 0
5.41516 -2.07563 0
5.41516 -2.02563 0
5.41516 -1.97563 0
5.41516 -1.77563 0
5.41516 -1.72563 0
5.41516 5.42437 0
5.41516 5.47437 0
5.41516 5.52437 0
5.41516 5.57437 0
5.41516 5.62437 0
5.41516 5.67437 0
5.46516 -2.37563 0
5.46516 -2.32563 0
5.46516 -2.27563 0
5.46516 -2.22563 0
5.46516 -2.17563 0
5.46516 -2.12563 0
5.46516 -2.07563 0
5.46516 -2.02563 0
5.46516 -1.82563 0
5.46516 -1.77563 0
5.46516 -1.72563 0
5.46516 5.27437 0
5.46516 5.32437 0
5.46516 5.37437 0
5.46516 5.42437 0
5.46516 5.47437 0
5.46516 5.52437 0
5.46516 5.57437 0
5.51516 -2.52563 0
5.51516 -2.47563 0
5.51516 -2.42563 0
5.51516 -2.37563 0
5.51516 -2.32563 0
5.51516 -2.02563 0
5.51516 -1.77563 0
5.51516 -1.72563 0
5.51516 5.27437 0
5.51516 5.32437 0
5.51516 5.37437 0
5.51516 5.42437 0
5.56516 -4.77563 0
5.56516 -2.62563 0
5.56516 -2.57563 0
5.56516 -2.52563 0
5.56516 -2.47563 0
5.56516 -2.42563 0
5.56516 -1.77563 0
5.56516 -1.72563 0
5.56516 5.32437 0
5.56516 5.37437 0
5.56516 5.42437 0
5.61516 -2.62563 0
5.61516 -2.57563 0
5.61516 -2.52563 0
5.61516 -1.72563 0
5.61516 -1.67563 0
5.61516 5.32437 0
5.61516 5.37437 0
5.61516 5.42437 0
5.61516 5.47437 0
5.66516 -1.72563 0
5.66516 -1.67563 0
5.66516 5.32437 0
5.66516 5.37437 0
5.66516 5.42437 0
5.66516 5.47437 0
5.71516 -1.72563 0
5.71516 -1.67563 0
5.71516 -1.62563 0
5.71516 5.37437 0
5.71516 5.42437 0
5.71516 5.47437 0
5.76516 -1.67563 0
5.76516 -1.62563 0
5.76516 5.37437 0
5.76516 5.42437 0
5.76516 5.47437 0
5.76516 5.52437 0
5.81516 -4.72563 0
5.81516 -4.32563 0
5.81516 -1.72563 0
5.81516 -1.67563 0
5.81516 -1.62563 0
5.81516 5.42437 0
5.81516 5.47437 0
5.81516 5.52437 0
5.86516 -4.37563 0
5.86516 -4.32563 0
5.86516 -1.72563 0
5.86516 -1.67563 0
5.86516 -1.62563 0
5.86516 -1.57563 0
5.86516 5.42437 0
5.86516 5.47437 0
5.86516 5.52437 0
5.91516 -4.27563 0
5.91516 -1.62563 0
5.91516 -1.57563 0
5.91516 5.42437 0
5.91516 5.47437 0
5.91516 5.52437 0
5.91516 5.57437 0
5.96516 -4.27563 0
5.96516 -3.72563 0
5.96516 -1.62563 0
5.96516 -1.57563 0
5.96516 -1.52563 0
5.96516 5.47437 0
5.96516 5.52437 0
5.96516 5.57437 0
6.01516 -3.82563 0
6.01516 -3.77563 0
6.01516 -3.72563 0
6.01516 -3.67563 0
6.01516 -1.72563 0
6.01516 -1.67563 0
6.01516 -1.62563 0
6.01516 -1.57563 0
6.01516 5.47437 0
6.01516 5.52437 0
6.01516 5.57437 0
6.06516 -3.97563 0
6.06516 -3.92563 0
6.06516 -3.87563 0
6.06516 -3.82563 0
6.06516 -3.77563 0
6.06516 -3.67563 0
6.06516 -3.62563 0
6.06516 -1.82563 0
6.06516 -1.77563 0
6.06516 -1.72563 0
6.06516 5.52437 0
6.06516 5.57437 0
6.06516 5.62437 0
6.11516 -4.12563 0
6.11516 -4.07563 0
6.11516 -4.02563 0
6.11516 -3.97563 0
6.11516 -3.92563 0
6.11516 -3.87563 0
6.11516 -1.92563 0
6.11516 -1.87563 0
6.11516 -1.82563 0
6.11516 5.52437 0
6.11516 5.57437 0
6.11516 5.62437 0
6.16516 -4.12563 0
6.16516 -4.07563 0
6.16516 -4.02563 0
6.16516 -3.97563 0
6.16516 -2.12563 0
6.16516 -2.07563 0
6.16516 -2.02563 0
6.16516 -1.97563 0
6.16516 5.52437 0
6.16516 5.57437 0
6.16516 5.62437 0
6.21516 -2.17563 0
6.21516 -2.12563 0
6.21516 -2.07563 0
6.21516 -2.02563 0
6.21516 5.57437 0
6.21516 5.62437 0
6.21516 5.67437 0
6.26516 -2.12563 0
6.26516 5.57437 0
6.26516 5.62437 0
6.26516 5.67437 0
6.31516 -2.32563 0
6.31516 5.57437 0
6.31516 5.62437 0
6.31516 5.67437 0
6.31516 5.72437 0
6.36516 -2.37563 0
6.36516 -2.32563 0
6.36516 5.62437 0
6.36516 5.67437 0
6.41516 -2.42563 0
6.41516 5.62437 0
6.41516 5.67437 0
6.41516 5.72437 0
6.46516 5.67437 0
6.46516 5.72437 0
6.51516 5.67437 0
6.51516 5.72437 0
6.51516 6.02437 0
6.56516 5.67437 0
6.56516 5.72437 0
6.56516 5.77437 0
6.61516 5.72437 0
6.61516 5.77437 0
6.66516 5.72437 0
6.66516 5.77437 0
6.71516 5.77437 0
6.71516 5.82437 0
6.76516 5.77437 0
6.76516 5.82437 0
6.81516 5.82437 0
6.86516 5.82437 0
6.86516 5.87437 0
6.91516 5.82437 0
6.91516 5.87437 0
6.96516 5.87437 0
7.06516 5.92437 0
7.11516 -2.07563 0
7.11516 5.92437 0
7.16516 -2.07563 0
7.16516 5.97437 0
7.26516 6.02437 0
7.31516 6.02437 0
7.36516 6.02437 0
7.36516 6.07437 0
7.41516 6.07437 0
7.46516 6.07437 0
7.51516 6.12437 0
7.56516 6.12437 0
7.61516 6.12437 0
7.61516 6.17437 0
7.66516 -0.975627 0
7.66516 -0.925627 0
7.66516 6.17437 0
7.71516 -0.975627 0
7.71516 -0.925627 0
7.71516 -0.875627 0
7.71516 6.17437 0
7.71516 6.22437 0
7.76516 -0.925627 0
7.76516 -0.875627 0
7.76516 6.22437 0
7.81516 -0.975627 0
7.81516 -0.925627 0
7.81516 -0.875627 0
7.81516 6.22437 0
7.81516 6.42437 0
7.86516 -1.42563 0
7.86516 -0.925627 0
7.86516 -0.875627 0
7.86516 -0.825627 0
7.86516 6.22437 0
7.86516 6.27437 0
7.91516 -1.52563 0
7.91516 -0.925627 0
7.91516 -0.875627 0
7.91516 -0.825627 0
7.91516 6.27437 0
7.91516 6.47437 0
7.96516 -1.72563 0
7.96516 -0.875627 0
7.96516 -0.825627 0
7.96516 -0.775627 0
7.96516 6.27437 0
8.01516 -0.875627 0
8.01516 -0.825627 0
8.01516 -0.775627 0
8.01516 6.32437 0
8.06516 -0.825627 0
8.06516 -0.775627 0
8.06516 6.32437 0
8.11516 -0.825627 0
8.11516 -0.775627 0
8.11516 -0.725627 0
8.16516 -2.22563 0
8.16516 -2.17563 0
8.16516 -2.12563 0
8.16516 -0.825627 0
8.16516 -0.775627 0
8.16516 -0.725627 0
8.16516 6.32437 0
8.16516 6.37437 0
8.21517 -2.27563 0
8.21517 -2.22563 0
8.21517 -2.17563 0
8.21517 -0.825627 0
8.21517 -0.775627 0
8.21517 -0.725627 0
8.21517 6.27437 0
8.21517 6.32437 0
8.21517 6.37437 0
8.26516 -2.32563 0
8.26516 -2.27563 0
8.26516 -1.97563 0
8.26516 -0.775627 0
8.26516 -0.725627 0
8.26516 -0.675627 0
8.26516 6.32437 0
8.26516 6.37437 0
8.26516 6.42437 0
8.26516 6.57437 0
8.31516 -1.97563 0
8.31516 -0.775627 0
8.31516 -0.725627 0
8.31516 -0.675627 0
8.31516 6.32437 0
8.31516 6.37437 0
8.31516 6.42437 0
8.31516 6.57437 0
8.36516 -0.725627 0
8.36516 -0.675627 0
8.36516 6.32437 0
8.36516 6.37437 0
8.36516 6.42437 0
8.36516 6.47437 0
8.36516 6.57437 0
8.36516 6.62437 0
8.41516 -0.725627 0
8.41516 -0.675627 0
8.41516 -0.625627 0
8.41516 6.32437 0
8.41516 6.37437 0
8.41516 6.42437 0
8.41516 6.47437 0
8.41516 6.62437 0
8.46517 -0.725627 0
8.46517 -0.675627 0
8.46517 -0.625627 0
8.46517 6.37437 0
8.46517 6.42437 0
8.46517 6.47437 0
8.46517 6.62437 0
8.51516 -2.77563 0
8.51516 -0.725627 0
8.51516 -0.675627 0
8.51516 -0.625627 0
8.51516 -0.575627 0
8.51516 6.37437 0
8.51516 6.42437 0
8.51516 6.47437 0
8.51516 6.52437 0
8.51516 6.62437 0
8.56516 -2.82563 0
8.56516 -1.92563 0
8.56516 -0.675627 0
8.56516 -0.625627 0
8.56516 -0.575627 0
8.56516 6.42437 0
8.56516 6.47437 0
8.56516 6.52437 0
8.61516 -0.925627 0
8.61516 -0.875627 0
8.61516 -0.825627 0
8.61516 -0.675627 0
8.61516 -0.625627 0
8.61516 -0.575627 0
8.61516 -0.525627 0
8.61516 6.42437 0
8.61516 6.47437 0
8.61516 6.52437 0
8.66516 -1.02563 0
8.66516 -0.975627 0
8.66516 -0.925627 0
8.66516 -0.875627 0
8.66516 -0.825627 0
8.66516 -0.775627 0
8.66516 -0.725627 0
8.66516 -0.675627 0
8.66516 -0.625627 0
8.66516 -0.575627 0
8.66516 6.42437 0
8.66516 6.47437 0
8.66516 6.67437 0
8.71517 -3.62563 0
8.71517 -1.27563 0
8.71517 -1.22563 0
8.71517 -1.17563 0
8.71517 -1.12563 0
8.71517 -1.07563 0
8.71517 -1.02563 0
8.71517 -0.975627 0
8.71517 -0.925627 0
8.71517 -0.875627 0
8.71517 -0.825627 0
8.71517 -0.775627 0
8.71517 -0.725627 0
8.71517 -0.675627 0
8.71517 -0.625627 0
8.71517 6.42437 0
8.71517 6.47437 0
8.76516 -3.62563 0
8.76516 -1.42563 0
8.76516 -1.37563 0
8.76516 -1.32563 0
8.76516 -1.27563 0
8.76516 -1.22563 0
8.76516 -1.17563 0
8.76516 -1.12563 0
8.76516 -1.07563 0
8.76516 -1.02563 0
8.76516 -0.975627 0
8.76516 -0.925627 0
8.76516 -0.875627 0
8.76516 -0.825627 0
8.76516 -0.775627 0
8.76516 6.47437 0
8.81516 -3.62563 0
8.81516 -2.72563 0
8.81516 -1.52563 0
8.81516 -1.47563 0
8.81516 -1.42563 0
8.81516 -1.37563 0
8.81516 -1.32563 0
8.81516 -1.27563 0
8.81516 -1.22563 0
8.81516 -1.17563 0
8.81516 -1.12563 0
8.81516 -1.07563 0
8.81516 -1.02563 0
8.81516 -0.975627 0
8.81516 6.47437 0
8.81516 6.72437 0
8.86516 -3.62563 0
8.86516 -1.62563 0
8.86516 -1.57563 0
8.86516 -1.52563 0
8.86516 -1.47563 0
8.86516 -1.42563 0
8.86516 -1.37563 0
8.86516 -1.32563 0
8.86516 -1.27563 0
8.86516 -1.22563 0
8.86516 -1.17563 0
8.86516 -1.12563 0
8.86516 -1.07563 0
8.86516 6.52437 0
8.86516 6.62437 0
8.86516 6.72437 0
8.91516 -3.62563 0
8.91516 -1.67563 0
8.91516 -1.62563 0
8.91516 -1.57563 0
8.91516 -1.52563 0
8.91516 -1.47563 0
8.91516 -1.42563 0
8.91516 -1.37563 0
8.91516 -1.32563 0
8.91516 -1.27563 0
8.91516 -1.22563 0
8.91516 6.77437 0
8.96517 -3.62563 0
8.96517 -3.57563 0
8.96517 -1.67563 0
8.96517 -1.62563 0
8.96517 -1.57563 0
8.96517 -1.52563 0
8.96517 -1.47563 0
8.96517 -1.42563 0
8.96517 -1.37563 0
8.96517 6.52437 0
9.01516 -3.57563 0
9.01516 -3.52563 0
9.01516 -1.67563 0
9.01516 -1.62563 0
9.01516 -1.57563 0
9.01516 -1.52563 0
9.01516 6.57437 0
9.01516 6.67437 0
9.06516 -3.57563 0
9.06516 -3.52563 0
9.06516 -1.67563 0
9.06516 -1.62563 0
9.06516 5.87437 0
9.06516 5.92437 0
9.06516 5.97437 0
9.06516 6.02437 0
9.06516 6.57437 0
9.06516 6.62437 0
9.11516 -3.57563 0
9.11516 -3.52563 0
9.11516 5.87437 0
9.11516 5.92437 0
9.11516 5.97437 0
9.11516 6.62437 0
9.11516 6.82437 0
9.16516 -3.57563 0
9.16516 -3.52563 0
9.16516 5.87437 0
9.16516 5.92437 0
9.16516 5.97437 0
9.16516 6.62437 0
9.16516 6.67437 0
9.16516 6.82437 0
9.21517 -3.52563 0
9.21517 -3.47563 0
9.21517 6.62437 0
9.21517 6.67437 0
9.21517 6.82437 0
9.26516 -3.52563 0
9.26516 -3.47563 0
9.26516 6.62437 0
9.26516 6.67437 0
9.26516 6.87437 0
9.31516 -3.47563 0
9.31516 6.87437 0
9.36516 -3.47563 0
9.36516 6.67437 0
9.41516 -3.47563 0
9.41516 6.72437 0
9.41516 6.92437 0
9.46517 -3.47563 0
9.46517 -2.77563 0
9.46517 6.72437 0
9.46517 6.92437 0
9.51516 -3.42563 0
9.51516 -3.02563 0
9.51516 -2.92563 0
9.51516 -2.87563 0
9.51516 -2.82563 0
9.51516 6.72437 0
9.51516 6.97437 0
9.56516 -3.42563 0
9.56516 -3.07563 0
9.56516 -3.02563 0
9.56516 -2.97563 0
9.56516 6.77437 0
9.56516 6.97437 0
9.61516 -3.62563 0
9.61516 -3.52563 0
9.61516 -3.47563 0
9.61516 -3.42563 0
9.61516 -3.37563 0
9.61516 -3.22563 0
9.61516 -3.17563 0
9.61516 -3.12563 0
9.61516 -3.07563 0
9.61516 -3.02563 0
9.61516 6.77437 0
9.61516 6.97437 0
9.66516 -3.72563 0
9.66516 -3.67563 0
9.66516 -3.62563 0
9.66516 -3.57563 0
9.66516 -3.52563 0
9.66516 -3.47563 0
9.66516 -3.42563 0
9.66516 -3.37563 0
9.66516 -3.22563 0
9.66516 -3.17563 0
9.66516 -3.12563 0
9.66516 6.47437 0
9.66516 6.52437 0
9.66516 6.82437 0
9.66516 6.97437 0
9.71517 -3.87563 0
9.71517 -3.82563 0
9.71517 -3.77563 0
9.71517 -3.72563 0
9.71517 -3.67563 0
9.71517 -3.62563 0
9.71517 -3.22563 0
9.71517 -3.17563 0
9.71517 6.37437 0
9.71517 6.42437 0
9.71517 6.47437 0
9.71517 6.97437 0
9.71517 7.02437 0
9.76516 -3.97563 0
9.76516 -3.92563 0
9.76516 -3.87563 0
9.76516 -3.82563 0
9.76516 -3.77563 0
9.76516 -3.72563 0
9.76516 6.37437 0
9.76516 7.02437 0
9.81516 -4.17563 0
9.81516 -4.02563 0
9.81516 -3.97563 0
9.81516 -3.92563 0
9.81516 -3.87563 0
9.81516 7.02437 0
9.86516 -4.22563 0
9.86516 -4.17563 0
9.86516 -4.12563 0
9.86516 -4.02563 0
9.86516 -3.97563 0
9.86516 -3.92563 0
9.86516 7.07437 0
9.91516 -4.22563 0
9.91516 -4.17563 0
9.91516 -4.12563 0
9.91516 7.07437 0
9.96517 -4.27563 0
9.96517 -4.22563 0
9.96517 -4.17563 0
9.96517 7.07437 0
10.0152 -4.27563 0
10.0152 -4.22563 0
10.0152 7.12437 0
10.0652 -4.27563 0
10.0652 7.12437 0
10.1152 7.12437 0
10.1652 7.12437 0
10.2152 7.12437 0
10.2152 7.17437 0
10.2652 7.17437 0
10.3152 6.67437 0
10.3152 6.72437 0
10.3152 7.02437 0
10.3152 7.17437 0
10.3652 6.62437 0
10.3652 6.67437 0
10.3652 6.72437 0
10.3652 6.77437 0
10.3652 7.02437 0
10.4152 6.62437 0
10.4152 6.77437 0
10.4152 6.82437 0
10.4652 -4.17563 0
10.4652 6.77437 0
10.4652 7.07437 0
10.4652 7.22437 0
10.5152 -4.17563 0
10.5152 6.82437 0
10.5152 7.12437 0
10.5152 7.22437 0
10.5152 7.27437 0
10.5652 -4.17563 0
10.5652 -4.12563 0
10.5652 7.12437 0
10.5652 7.27437 0
10.6152 -4.12563 0
10.6152 7.27437 0
10.6652 -4.12563 0
10.6652 7.27437 0
10.7152 -4.07563 0
10.7152 7.27437 0
10.7152 7.32437 0
10.7652 -4.07563 0
10.7652 -3.92563 0
10.7652 7.32437 0
10.8152 -3.92563 0
10.8152 7.32437 0
10.8652 -3.92563 0
10.8652 7.32437 0
10.8652 7.37437 0
10.9152 7.37437 0
10.9652 -4.02563 0
10.9652 7.37437 0
11.0152 -3.97563 0
11.0152 7.42437 0
11.0652 -3.97563 0
11.0652 7.42437 0
11.1152 -3.97563 0
11.1152 7.42437 0
11.1652 -3.97563 0
11.1652 7.42437 0
11.2152 -3.92563 0
11.2152 7.42437 0
11.2152 7.47437 0
11.2652 -3.92563 0
11.2652 7.47437 0
11.3152 7.47437 0
11.3652 7.47437 0
11.3652 7.52437 0
11.4152 -3.87563 0
11.4152 7.52437 0
11.4652 -3.87563 0
11.4652 7.52437 0
11.5152 -3.82563 0
11.5152 -3.67563 0
11.5152 -2.77563 0
11.5152 7.47437 0
11.5152 7.52437 0
11.5152 7.57437 0
11.5652 -3.62563 0
11.5652 -2.77563 0
11.5652 7.52437 0
11.5652 7.57437 0
11.6152 -3.62563 0
11.6152 -2.77563 0
11.6152 -2.72563 0
11.6152 7.52437 0
11.6152 7.57437 0
11.6652 -2.87563 0
11.6652 -2.72563 0
11.6652 7.57437 0
11.7152 -2.72563 0
11.7152 7.57437 0
11.7152 7.62437 0
11.7652 -2.67563 0
11.7652 7.57437 0
11.7652 7.62437 0
11.8152 -2.67563 0
11.8152 7.62437 0
11.8652 -2.67563 0
11.8652 7.62437 0
11.8652 7.67437 0
11.9152 7.62437 0
11.9152 7.67437 0
11.9652 7.62437 0
11.9652 7.67437 0
11.9652 7.72437 0
12.0152 7.67437 0
12.0152 7.72437 0
12.0652 -2.72563 0
12.0652 -2.62563 0
12.0652 7.67437 0
12.0652 7.72437 0
12.1152 7.72437 0
12.1652 7.72437 0
12.1652 7.77437 0
12.2152 7.72437 0
12.2152 7.77437 0
12.2652 -2.67563 0
12.2652 7.77437 0
12.3152 7.77437 0
12.3152 7.82437 0
12.3652 -2.62563 0
12.3652 7.82437 0
12.4152 -2.62563 0
12.4152 -2.42563 0
12.4152 7.82437 0
12.4652 -2.57563 0
12.4652 -2.42563 0
12.4652 7.82437 0
12.4652 7.87437 0
12.5152 -2.67563 0
12.5152 -2.62563 0
12.5152 -2.57563 0
12.5152 -2.52563 0
12.5152 -2.47563 0
12.5152 -2.42563 0
12.5152 7.82437 0
12.5152 7.87437 0
12.5652 -2.82563 0
12.5652 -2.77563 0
12.5652 -2.72563 0
12.5652 -2.67563 0
12.5652 -2.62563 0
12.5652 -2.57563 0
12.5652 -2.52563 0
12.5652 7.87437 0
12.6152 -2.97563 0
12.6152 -2.92563 0
12.6152 -2.87563 0
12.6152 -2.82563 0
12.6152 -2.77563 0
12.6152 -2.72563 0
12.6152 -2.67563 0
12.6152 7.87437 0
12.6652 -3.07563 0
12.6652 -3.02563 0
12.6652 -2.97563 0
12.6652 -2.92563 0
12.6652 -2.87563 0
12.6652 -2.82563 0
12.6652 7.32437 0
12.6652 7.87437 0
12.6652 7.92437 0
12.7152 -3.22563 0
12.7152 -3.17563 0
12.7152 -3.12563 0
12.7152 -3.07563 0
12.7152 -3.02563 0
12.7152 -2.97563 0
12.7152 -2.92563 0
12.7152 7.92437 0
12.7652 -3.27563 0
12.7652 -3.22563 0
12.7652 -3.17563 0
12.7652 -3.12563 0
12.7652 -3.07563 0
12.7652 7.92437 0
12.8152 -3.32563 0
12.8152 -3.27563 0
12.8152 -3.22563 0
12.8152 -3.17563 0
12.8152 7.47437 0
12.8152 7.52437 0
12.8152 7.92437 0
12.8152 7.97437 0
12.8652 -3.32563 0
12.8652 -3.27563 0
12.8652 -3.22563 0
12.8652 7.97437 0
12.9152 -3.67563 0
12.9152 -3.62563 0
12.9152 -3.32563 0
12.9152 7.97437 0
12.9152 8.02437 0
12.9652 8.02437 0
13.0152 -3.77563 0
13.0152 8.02437 0
13.0152 8.07437 0
13.0652 8.02437 0
13.0652 8.07437 0
13.1152 8.02437 0
13.1152 8.07437 0
13.1152 8.12437 0
13.1652 8.07437 0
13.1652 8.12437 0
13.2152 8.07437 0
13.2152 8.12437 0
13.2152 8.17437 0
13.2652 8.07437 0
13.2652 8.12437 0
13.2652 8.17437 0
13.3152 8.12437 0
13.3152 8.17437 0
13.3652 8.12437 0
13.3652 8.17437 0
13.4152 8.12437 0
13.4152 8.17437 0
13.4152 8.22437 0
13.4652 8.17437 0
13.4652 8.22437 0
13.4652 8.27437 0
13.5152 8.17437 0
13.5152 8.22437 0
13.5152 8.27437 0
13.5652 -3.12563 0
13.5652 -3.07563 0
13.5652 8.22437 0
13.5652 8.27437 0
13.6152 -3.02563 0
13.6152 -2.97563 0
13.6152 -2.92563 0
13.6152 8.22437 0
13.6152 8.27437 0
13.6652 -3.02563 0
13.6652 -2.97563 0
13.6652 -2.92563 0
13.6652 8.27437 0
13.6652 8.32437 0
13.7152 -3.12563 0
13.7152 -3.07563 0
13.7152 -3.02563 0
13.7152 -2.97563 0
13.7152 8.32437 0
13.7652 -3.12563 0
13.7652 -3.07563 0
13.7652 -3.02563 0
13.7652 8.32437 0
13.8152 8.37437 0
13.8652 8.37437 0
13.9152 8.37437 0
13.9652 8.42437 0
14.0152 8.42437 0
14.0652 8.42437 0
14.0652 8.47437 0
14.1152 8.47437 0
14.1652 8.47437 0
14.1652 8.52437 0
14.2152 8.47437 0
14.2152 8.52437 0
14.2652 8.52437 0
14.3152 8.52437 0
14.3152 8.57437 0
14.3652 8.57437 0
14.4152 8.57437 0
14.4152 8.62437 0
14.4652 8.62437 0
14.5152 8.62437 0
14.5652 8.62437 0
14.6652 8.67437 0
14.7152 8.67437 0
14.7652 8.67437 0
14.7652 8.72437 0
14.8152 8.72437 0
14.8652 8.72437 0
14.8652 8.77437 0
14.9152 8.77437 0
14.9652 8.77437 0
14.9652 8.82437 0
15.0152 8.77437 0
15.0152 8.82437 0
15.0652 8.82437 0
15.1152 8.82437 0
15.1152 8.87437 0
15.1652 8.87437 0
15.2152 8.72437 0
15.2152 8.87437 0
15.2152 8.92437 0
15.2652 -2.57563 0
15.2652 -2.52563 0
15.2652 -2.37563 0
15.2652 8.92437 0
15.3152 -2.52563 0
15.3152 -2.47563 0
15.3152 -2.42563 0
15.3152 -2.37563 0
15.3152 -2.32563 0
15.3152 -2.27563 0
15.3152 8.92437 0
15.3652 -2.52563 0
15.3652 -2.47563 0
15.3652 -2.42563 0
15.3652 -2.37563 0
15.3652 -2.32563 0
15.3652 8.97437 0
15.4152 -2.52563 0
15.4152 8.97437 0
15.4652 8.97437 0
15.5152 9.02437 0
15.5652 9.02437 0
15.6152 9.02437 0
15.6652 8.87437 0
15.6652 9.07437 0
15.7152 9.07437 0
15.7652 9.07437 0
15.8152 9.07437 0
15.8152 9.12437 0
15.8652 9.12437 0
15.9152 -1.27563 0
15.9152 -1.22563 0
15.9152 -1.17563 0
15.9152 8.97437 0
15.9152 9.12437 0
15.9152 9.17437 0
15.9652 -1.47563 0
15.9652 -1.42563 0
15.9652 -1.37563 0
15.9652 -1.32563 0
15.9652 -1.27563 0
15.9652 -1.22563 0
15.9652 -1.17563 0
15.9652 9.17437 0
16.0152 -1.62563 0
16.0152 -1.57563 0
16.0152 -1.52563 0
16.0152 -1.47563 0
16.0152 -1.42563 0
16.0152 -1.37563 0
16.0152 -1.32563 0
16.0152 -1.27563 0
16.0152 -1.22563 0
16.0152 -1.17563 0
16.0152 8.97437 0
16.0152 9.17437 0
16.0652 -1.77563 0
16.0652 -1.72563 0
16.0652 -1.67563 0
16.0652 -1.62563 0
16.0652 -1.57563 0
16.0652 -1.52563 0
16.0652 -1.47563 0
16.0652 -1.42563 0
16.0652 -1.22563 0
16.0652 -1.17563 0
16.0652 -1.12563 0
16.0652 8.97437 0
16.0652 9.17437 0
16.0652 9.22437 0
16.1152 -2.17563 0
16.1152 -2.12563 0
16.1152 -2.07563 0
16.1152 -1.92563 0
16.1152 -1.87563 0
16.1152 -1.82563 0
16.1152 -1.77563 0
16.1152 -1.72563 0
16.1152 -1.67563 0
16.1152 -1.62563 0
16.1152 -1.57563 0
16.1152 -1.52563 0
16.1152 -1.17563 0
16.1152 -1.12563 0
16.1152 8.97437 0
16.1152 9.22437 0
16.1652 -2.17563 0
16.1652 -2.12563 0
16.1652 -2.07563 0
16.1652 -2.02563 0
16.1652 -1.97563 0
16.1652 -1.92563 0
16.1652 -1.87563 0
16.1652 -1.82563 0
16.1652 -1.77563 0
16.1652 -1.72563 0
16.1652 -1.67563 0
16.1652 -1.17563 0
16.1652 -1.12563 0
16.1652 7.02437 0
16.1652 7.07437 0
16.1652 9.02437 0
16.1652 9.22437 0
16.2152 -2.02563 0
16.2152 -1.97563 0
16.2152 -1.92563 0
16.2152 -1.87563 0
16.2152 -1.82563 0
16.2152 -1.17563 0
16.2152 -1.12563 0
16.2152 -1.07563 0
16.2152 6.92437 0
16.2152 6.97437 0
16.2152 7.07437 0
16.2152 9.02437 0
16.2152 9.17437 0
16.2152 9.22437 0
16.2652 -1.12563 0
16.2652 -1.07563 0
16.2652 6.97437 0
16.2652 7.02437 0
16.2652 7.07437 0
16.2652 9.02437 0
16.2652 9.07437 0
16.3152 -1.12563 0
16.3152 -1.07563 0
16.3152 6.77437 0
16.3152 6.82437 0
16.3152 6.87437 0
16.3152 6.92437 0
16.3152 6.97437 0
16.3152 9.02437 0
16.3152 9.07437 0
16.3652 -1.12563 0
16.3652 -1.07563 0
16.3652 6.67437 0
16.3652 6.72437 0
16.3652 6.87437 0
16.3652 9.02437 0
16.4152 -1.07563 0
16.4152 -1.02563 0
16.4152 6.42437 0
16.4152 6.47437 0
16.4152 6.62437 0
16.4652 -1.07563 0
16.4652 -1.02563 0
16.4652 6.32437 0
16.4652 6.37437 0
16.4652 6.42437 0
16.5152 -1.02563 0
16.5152 -0.975627 0
16.5152 6.17437 0
16.5152 6.22437 0
16.5152 6.27437 0
16.5652 -1.02563 0
16.5652 -0.975627 0
16.5652 6.22437 0
16.6152 -0.975627 0
16.6152 6.02437 0
16.6152 6.07437 0
16.6152 6.32437 0
16.6652 -0.975627 0
16.6652 -0.925627 0
16.6652 6.07437 0
16.6652 6.12437 0
16.6652 6.17437 0
16.7152 -0.975627 0
16.7152 -0.925627 0
16.7152 6.07437 0
16.7152 6.12437 0
16.7652 -0.925627 0
16.7652 6.07437 0
16.7652 6.12437 0
16.7652 6.22437 0
16.7652 8.02437 0
16.7652 8.07437 0
16.7652 8.12437 0
16.8152 -0.925627 0
16.8152 -0.875627 0
16.8152 6.12437 0
16.8152 6.17437 0
16.8152 7.92437 0
16.8152 7.97437 0
16.8152 8.02437 0
16.8152 8.07437 0
16.8652 -0.875627 0
16.8652 6.12437 0
16.8652 6.17437 0
16.8652 7.32437 0
16.8652 7.37437 0
16.8652 7.77437 0
16.8652 7.82437 0
16.8652 7.87437 0
16.8652 7.92437 0
16.8652 7.97437 0
16.8652 8.02437 0
16.9152 -0.875627 0
16.9152 -0.825627 0
16.9152 6.12437 0
16.9152 6.17437 0
16.9152 7.32437 0
16.9152 7.67437 0
16.9152 7.72437 0
16.9152 7.77437 0
16.9152 7.82437 0
16.9652 -0.875627 0
16.9652 6.12437 0
16.9652 6.17437 0
16.9652 6.22437 0
16.9652 7.47437 0
16.9652 7.52437 0
16.9652 7.57437 0
16.9652 7.62437 0
16.9652 7.67437 0
16.9652 7.72437 0
17.0152 -1.02563 0
17.0152 -0.975627 0
17.0152 -0.925627 0
17.0152 -0.875627 0
17.0152 -0.825627 0
17.0152 6.17437 0
17.0152 6.22437 0
17.0152 7.47437 0
17.0152 7.57437 0
17.0652 -1.12563 0
17.0652 -1.07563 0
17.0652 -1.02563 0
17.0652 -0.975627 0
17.0652 -0.925627 0
17.0652 6.17437 0
17.0652 6.22437 0
17.1152 -1.32563 0
17.1152 -1.27563 0
17.1152 -1.22563 0
17.1152 -1.17563 0
17.1152 -1.12563 0
17.1152 -1.07563 0
17.1152 6.22437 0
17.1152 6.27437 0
17.1652 -1.47563 0
17.1652 -1.42563 0
17.1652 -1.37563 0
17.1652 -1.32563 0
17.1652 -1.27563 0
17.1652 -1.22563 0
17.1652 -1.17563 0
17.1652 6.22437 0
17.1652 6.27437 0
17.2152 -1.52563 0
17.2152 -1.47563 0
17.2152 -1.42563 0
17.2152 -1.37563 0
17.2152 6.22437 0
17.2152 6.27437 0
17.2152 6.32437 0
17.2652 -1.62563 0
17.2652 -1.57563 0
17.2652 -1.52563 0
17.2652 6.27437 0
17.2652 6.32437 0
17.3152 -1.67563 0
17.3152 -1.62563 0
17.3152 -1.57563 0
17.3152 6.22437 0
17.3152 6.27437 0
17.3652 -1.67563 0
17.3652 -1.62563 0
17.3652 6.22437 0
17.3652 6.27437 0
17.4152 -1.62563 0
17.4152 6.22437 0
17.4652 -2.07563 0
17.5152 -2.07563 0
17.5152 5.42437 0
17.5652 -2.12563 0
17.5652 -2.07563 0
17.5652 5.42437 0
17.5652 5.47437 0
17.5652 6.32437 0
17.6152 5.42437 0
17.6152 5.47437 0
17.6152 6.37437 0
17.6652 -1.67563 0
17.6652 5.37437 0
17.6652 5.42437 0
17.6652 6.37437 0
17.6652 6.42437 0
17.7152 -1.67563 0
17.7152 -1.62563 0
17.7152 2.57437 0
17.7152 2.62437 0
17.7152 5.32437 0
17.7152 5.37437 0
17.7152 5.42437 0
17.7152 5.47437 0
17.7152 6.37437 0
17.7152 6.42437 0
17.7652 2.42437 0
17.7652 2.47437 0
17.7652 2.52437 0
17.7652 2.57437 0
17.7652 2.62437 0
17.7652 5.12437 0
17.7652 5.22437 0
17.7652 6.42437 0
17.8152 2.32437 0
17.8152 2.37437 0
17.8152 2.42437 0
17.8152 2.47437 0
17.8152 2.57437 0
17.8152 2.62437 0
17.8152 2.67437 0
17.8152 4.77437 0
17.8152 4.92437 0
17.8152 4.97437 0
17.8152 5.02437 0
17.8652 2.17437 0
17.8652 2.22437 0
17.8652 2.27437 0
17.8652 2.42437 0
17.8652 2.62437 0
17.8652 4.77437 0
17.8652 4.82437 0
17.9152 2.02437 0
17.9152 2.07437 0
17.9152 2.12437 0
17.9152 2.17437 0
17.9152 2.22437 0
17.9152 2.27437 0
17.9152 2.37437 0
17.9152 2.62437 0
17.9152 2.67437 0
17.9152 4.67437 0
17.9152 4.72437 0
17.9152 4.77437 0
17.9152 4.82437 0
17.9652 1.87437 0
17.9652 1.92437 0
17.9652 1.97437 0
17.9652 2.02437 0
17.9652 2.07437 0
17.9652 2.62437 0
17.9652 2.67437 0
17.9652 4.42437 0
17.9652 4.52437 0
17.9652 4.57437 0
17.9652 4.62437 0
18.0152 1.77437 0
18.0152 1.82437 0
18.0152 1.87437 0
18.0152 1.92437 0
18.0152 1.97437 0
18.0152 2.67437 0
18.0152 2.72437 0
18.0652 -1.07563 0
18.0652 1.62437 0
18.0652 1.67437 0
18.0652 1.72437 0
18.0652 1.77437 0
18.0652 1.82437 0
18.0652 1.92437 0
18.0652 2.62437 0
18.0652 2.67437 0
18.0652 2.72437 0
18.1152 -1.37563 0
18.1152 1.52437 0
18.1152 1.57437 0
18.1152 1.67437 0
18.1152 2.62437 0
18.1152 2.72437 0
18.1152 2.77437 0
18.1652 -1.37563 0
18.1652 1.52437 0
18.1652 1.57437 0
18.1652 2.72437 0
18.1652 2.77437 0
18.1652 3.72437 0
18.1652 3.77437 0
18.1652 3.92437 0
18.2152 1.57437 0
18.2152 2.72437 0
18.2152 2.77437 0
18.2152 2.82437 0
18.2152 3.72437 0
18.2152 3.77437 0
18.2152 3.92437 0
18.2152 3.97437 0
18.2652 1.57437 0
18.2652 2.72437 0
18.2652 2.77437 0
18.2652 2.82437 0
18.2652 3.77437 0
18.2652 3.82437 0
18.2652 3.97437 0
18.2652 4.02437 0
18.3152 -1.47563 0
18.3152 2.77437 0
18.3152 2.82437 0
18.3152 3.72437 0
18.3152 3.77437 0
18.3152 3.82437 0
18.3652 -1.42563 0
18.3652 -1.37563 0
18.3652 1.62437 0
18.3652 2.77437 0
18.3652 2.82437 0
18.3652 2.87437 0
18.4152 -1.42563 0
18.4152 -1.37563 0
18.4152 1.62437 0
18.4152 2.82437 0
18.4152 2.87437 0
18.4152 2.92437 0
18.4652 -1.42563 0
18.4652 -1.37563 0
18.4652 1.62437 0
18.4652 1.67437 0
18.4652 2.87437 0
18.4652 2.92437 0
18.4652 2.97437 0
18.5152 -1.37563 0
18.5152 -1.32563 0
18.5152 1.67437 0
18.5152 2.92437 0
18.5152 2.97437 0
18.5152 4.92437 0
18.5652 -1.37563 0
18.5652 -1.32563 0
18.5652 1.67437 0
18.5652 1.72437 0
18.6152 -1.32563 0
18.6152 -1.27563 0
18.6152 1.72437 0
18.6652 -1.32563 0
18.6652 1.72437 0
18.7152 -0.225627 0
18.7152 2.97437 0
18.7652 -0.375627 0
18.7652 -0.325627 0
18.7652 -0.275627 0
18.7652 -0.225627 0
18.7652 -0.175627 0
18.7652 2.97437 0
18.7652 3.92437 0
18.8152 -0.525627 0
18.8152 -0.475627 0
18.8152 -0.425627 0
18.8152 -0.375627 0
18.8152 -0.325627 0
18.8152 -0.275627 0
18.8152 -0.225627 0
18.8152 1.77437 0
18.8152 1.82437 0
18.8152 2.97437 0
18.8152 3.02437 0
18.8652 -0.675627 0
18.8652 -0.625627 0
18.8652 -0.575627 0
18.8652 -0.525627 0
18.8652 -0.475627 0
18.8652 -0.425627 0
18.8652 -0.225627 0
18.8652 0.824373 0
18.8652 0.874373 0
18.8652 1.72437 0
18.8652 1.77437 0
18.8652 2.97437 0
18.8652 3.02437 0
18.9152 -0.875627 0
18.9152 -0.825627 0
18.9152 -0.775627 0
18.9152 -0.725627 0
18.9152 -0.675627 0
18.9152 -0.625627 0
18.9152 -0.575627 0
18.9152 -0.525627 0
18.9152 -0.225627 0
18.9152 1.72437 0
18.9152 1.77437 0
18.9152 3.02437 0
18.9652 -1.17563 0
18.9652 -1.12563 0
18.9652 -1.07563 0
18.9652 -1.02563 0
18.9652 -0.975627 0
18.9652 -0.925627 0
18.9652 -0.875627 0
18.9652 -0.825627 0
18.9652 -0.775627 0
18.9652 -0.725627 0
18.9652 1.77437 0
19.0152 -1.02563 0
19.0152 -0.975627 0
19.0152 -0.925627 0
19.0152 -0.875627 0
19.0652 1.62437 0
19.1152 -1.57563 0
19.1152 -1.52563 0
19.1152 -1.47563 0
19.1152 -1.37563 0
19.1152 -1.32563 0
19.1652 -1.57563 0
19.1652 -0.0756268 0
19.1652 -0.0256268 0
19.1652 0.924373 0
19.1652 1.22437 0
19.1652 1.27437 0
19.2152 -0.0756268 0
19.2152 -0.0256268 0
19.2152 1.12437 0
19.2152 1.17437 0
19.2652 -0.125627 0
19.2652 0.0243732 0
19.2652 1.07437 0
19.2652 1.92437 0
19.2652 1.97437 0
19.3152 -0.125627 0
19.3152 0.0243732 0
19.3152 0.774373 0
19.3152 0.824373 0
19.3152 0.874373 0
19.3152 1.92437 0
19.3152 1.97437 0
19.3652 0.0243732 0
19.3652 0.674373 0
19.3652 0.724373 0
19.3652 0.774373 0
19.3652 0.824373 0
19.3652 1.82437 0
19.3652 1.87437 0
19.4152 0.0243732 0
19.4152 0.0743732 0
19.4152 0.124373 0
19.4152 0.624373 0
19.4152 0.674373 0
19.4152 0.724373 0
19.4152 1.82437 0
19.4652 -0.0756268 0
19.4652 -0.0256268 0
19.4652 0.0243732 0
19.4652 0.0743732 0
19.4652 0.124373 0
19.4652 0.174373 0
19.4652 0.624373 0
19.4652 0.674373 0
19.5152 0.174373 0
19.7652 0.174373 0
19.8152 0.224373 0
19.8652 0.224373 0
19.8652 0.274373 0
19.9152 0.224373 0
19.9152 0.274373 0
19.9152 0.324373 0
19.9152 0.374373 0
19.9652 0.374373 0
